0.0,0.0,0.0,0.0,0.0,0.0,0.0,0.0,0.0,0.0,0.0,0.0,0.0,0.0,0.0,0.0,0.0,0.0,0.0,0.0,0.0,-1.0,0.0,0.0,0.0,0.0,0.0,0.0
0.0,0.0,0.0,0.0,0.0,0.0,0.0,0.0,0.0,0.0,0.0,0.0,0.0,0.0,0.0,0.0,0.0,0.0,0.0,0.0,0.0,-1.0,0.0,0.0,0.0,0.0,0.0,0.0
0.0,0.0,0.0,0.0,0.0,0.0,0.0,0.0,0.0,0.0,0.0,0.0,0.0,0.0,0.0,0.0,0.0,0.0,0.0,0.0,0.0,-1.0,0.0,0.0,0.0,0.0,0.0,0.0
0.0,0.0,0.0,0.0,0.0,0.0,0.0,0.0,0.0,0.0,0.0,0.0,0.0,0.0,0.0,0.0,0.0,0.0,0.0,0.0,0.0,-1.0,0.0,0.0,0.0,0.0,0.0,0.0
0.0,0.0,0.0,0.0,0.0,0.0,0.0,0.0,0.0,0.0,0.0,0.0,0.0,0.0,0.0,0.0,0.0,0.0,0.0,0.0,0.0,-1.0,0.0,0.0,0.0,0.0,0.0,0.0
0.0,0.0,0.0,0.0,0.0,0.0,0.0,0.0,0.0,0.0,0.0,0.0,0.0,0.0,0.0,0.0,0.0,0.0,0.0,0.0,0.0,-1.0,0.0,0.0,0.0,0.0,0.0,0.0
0.0,0.0,0.0,0.0,0.0,0.0,0.0,0.0,0.0,0.0,0.0,0.0,0.0,0.0,0.0,0.0,0.0,0.0,0.0,0.0,0.0,-1.0,0.0,0.0,0.0,0.0,0.0,0.0
0.0,0.0,0.0,0.0,0.0,0.0,0.0,0.0,0.0,0.0,0.0,0.0,0.0,0.0,0.0,0.0,0.0,0.0,0.0,0.0,0.0,-1.0,0.0,0.0,0.0,0.0,0.0,0.0
0.0,0.0,0.0,0.0,0.0,0.0,0.0,0.0,0.0,0.0,0.0,0.0,0.0,0.0,0.0,0.0,0.0,0.0,0.0,0.0,0.0,-1.0,0.0,0.0,0.0,0.0,0.0,0.0
0.0,0.0,0.0,0.0,0.0,0.0,0.0,0.0,0.0,0.0,0.0,0.0,0.0,0.0,0.0,0.0,0.0,0.0,0.0,0.0,0.0,-1.0,0.0,0.0,0.0,0.0,0.0,0.0
0.0,0.0,0.0,0.0,0.0,0.0,0.0,0.0,0.0,0.0,0.0,0.0,0.0,0.0,0.0,0.0,0.0,0.0,0.0,0.0,0.0,-1.0,0.0,0.0,0.0,0.0,0.0,0.0
0.0,0.0,0.0,0.0,0.0,0.0,0.0,0.0,0.0,0.0,0.0,0.0,0.0,0.0,0.0,0.0,0.0,0.0,0.0,0.0,0.0,-1.0,0.0,0.0,0.0,0.0,0.0,0.0
0.0,0.0,0.0,0.0,0.0,0.0,0.0,0.0,0.0,0.0,0.0,0.0,0.0,0.0,0.0,0.0,0.0,0.0,0.0,0.0,0.0,-1.0,0.0,0.0,0.0,0.0,0.0,0.0
0.0,0.0,0.0,0.0,0.0,0.0,0.0,0.0,0.0,0.0,0.0,0.0,0.0,0.0,0.0,0.0,0.0,0.0,0.0,0.0,0.0,-1.0,0.0,0.0,0.0,0.0,0.0,0.0
0.0,0.0,0.0,0.0,0.0,0.0,0.0,0.0,0.0,0.0,0.0,0.0,0.0,0.0,0.0,0.0,0.0,0.0,0.0,0.0,0.0,-1.0,0.0,0.0,0.0,0.0,0.0,0.0
0.0,0.0,0.0,0.0,0.0,0.0,0.0,0.0,0.0,0.0,0.0,0.0,0.0,0.0,0.0,0.0,0.0,0.0,0.0,0.0,0.0,-1.0,0.0,0.0,0.0,0.0,0.0,0.0
0.0,0.0,0.0,0.0,0.0,0.0,0.0,0.0,0.0,0.0,0.0,0.0,0.0,0.0,0.0,0.0,0.0,0.0,0.0,0.0,0.0,-1.0,0.0,0.0,0.0,0.0,0.0,0.0
0.0,0.0,0.0,0.0,0.0,0.0,0.0,0.0,0.0,0.0,0.0,0.0,0.0,0.0,0.0,0.0,0.0,0.0,0.0,0.0,0.0,-1.0,0.0,0.0,0.0,0.0,0.0,0.0
0.0,0.0,0.0,0.0,0.0,0.0,0.0,0.0,0.0,0.0,0.0,0.0,0.0,0.0,0.0,0.0,0.0,0.0,0.0,0.0,0.0,-1.0,0.0,0.0,0.0,0.0,0.0,0.0
0.0,0.0,0.0,0.0,0.0,0.0,0.0,0.0,0.0,0.0,0.0,0.0,0.0,0.0,0.0,0.0,0.0,0.0,0.0,0.0,0.0,-1.0,0.0,0.0,0.0,0.0,0.0,0.0
0.0,0.0,0.0,0.0,0.0,0.0,0.0,0.0,0.0,0.0,0.0,0.0,0.0,0.0,0.0,0.0,0.0,0.0,0.0,0.0,0.0,-1.0,0.0,0.0,0.0,0.0,0.0,0.0
0.0,0.0,0.0,0.0,0.0,0.0,0.0,0.0,0.0,0.0,0.0,0.0,0.0,0.0,0.0,0.0,0.0,0.0,0.0,0.0,0.0,-1.0,0.0,0.0,0.0,0.0,0.0,0.0
0.0,0.0,0.0,0.0,0.0,0.0,0.0,0.0,0.0,0.0,0.0,0.0,0.0,0.0,0.0,0.0,0.0,0.0,0.0,0.0,0.0,-1.0,0.0,0.0,0.0,0.0,0.0,0.0
0.0,0.0,0.0,0.0,0.0,0.0,0.0,0.0,0.0,0.0,0.0,0.0,0.0,0.0,0.0,0.0,0.0,0.0,0.0,0.0,0.0,-1.0,0.0,0.0,0.0,0.0,0.0,0.0
0.0,0.0,0.0,0.0,0.0,0.0,0.0,0.0,0.0,0.0,0.0,0.0,0.0,0.0,0.0,0.0,0.0,0.0,0.0,0.0,0.0,-1.0,0.0,0.0,0.0,0.0,0.0,0.0
0.0,0.0,0.0,0.0,0.0,0.0,0.0,0.0,0.0,0.0,0.0,0.0,0.0,0.0,0.0,0.0,0.0,0.0,0.0,0.0,0.0,-1.0,0.0,0.0,0.0,0.0,0.0,0.0
0.0,0.0,0.0,0.0,0.0,0.0,0.0,0.0,0.0,0.0,0.0,0.0,0.0,0.0,0.0,0.0,0.0,0.0,0.0,0.0,0.0,-1.0,0.0,0.0,0.0,0.0,0.0,0.0
0.0,0.0,0.0,0.0,0.0,0.0,0.0,0.0,0.0,0.0,0.0,0.0,0.0,0.0,0.0,0.0,0.0,0.0,0.0,0.0,0.0,-1.0,0.0,0.0,0.0,0.0,0.0,0.0
0.0,0.0,0.0,0.0,0.0,0.0,0.0,0.0,0.0,0.0,0.0,0.0,0.0,0.0,0.0,0.0,0.0,0.0,0.0,0.0,0.0,-1.0,0.0,0.0,0.0,0.0,0.0,0.0
0.0,0.0,0.0,0.0,0.0,0.0,0.0,0.0,0.0,0.0,0.0,0.0,0.0,0.0,0.0,0.0,0.0,0.0,0.0,0.0,0.0,-1.0,0.0,0.0,0.0,0.0,0.0,0.0
0.0,0.0,0.0,0.0,0.0,0.0,0.0,0.0,0.0,0.0,0.0,0.0,0.0,0.0,0.0,0.0,0.0,0.0,0.0,0.0,0.0,-1.0,0.0,0.0,0.0,0.0,0.0,0.0
0.0,0.0,0.0,0.0,0.0,0.0,0.0,0.0,0.0,0.0,0.0,0.0,0.0,0.0,0.0,0.0,0.0,0.0,0.0,0.0,0.0,-1.0,0.0,0.0,0.0,0.0,0.0,0.0
0.0,0.0,0.0,0.0,0.0,0.0,0.0,0.0,0.0,0.0,0.0,0.0,0.0,0.0,0.0,0.0,0.0,0.0,0.0,0.0,0.0,-1.0,0.0,0.0,0.0,0.0,0.0,0.0
0.0,0.0,0.0,0.0,0.0,0.0,0.0,0.0,0.0,0.0,0.0,0.0,0.0,0.0,0.0,0.0,0.0,0.0,0.0,0.0,0.0,-1.0,0.0,0.0,0.0,0.0,0.0,0.0
0.0,0.0,0.0,0.0,0.0,0.0,0.0,0.0,0.0,0.0,0.0,0.0,0.0,0.0,0.0,0.0,0.0,0.0,0.0,0.0,0.0,-1.0,0.0,0.0,0.0,0.0,0.0,0.0
0.0,0.0,0.0,0.0,0.0,0.0,0.0,0.0,0.0,0.0,0.0,0.0,0.0,0.0,0.0,0.0,0.0,0.0,0.0,0.0,0.0,-1.0,0.0,0.0,0.0,0.0,0.0,0.0
0.0,0.0,0.0,0.0,0.0,0.0,0.0,0.0,0.0,0.0,0.0,0.0,0.0,0.0,0.0,0.0,0.0,0.0,0.0,0.0,0.0,-1.0,0.0,0.0,0.0,0.0,0.0,0.0
0.0,0.0,0.0,0.0,0.0,0.0,0.0,0.0,0.0,0.0,0.0,0.0,0.0,0.0,0.0,0.0,0.0,0.0,0.0,0.0,0.0,-1.0,0.0,0.0,0.0,0.0,0.0,0.0
0.0,0.0,0.0,0.0,0.0,0.0,0.0,0.0,0.0,0.0,0.0,0.0,0.0,0.0,0.0,0.0,0.0,0.0,0.0,0.0,0.0,-1.0,0.0,0.0,0.0,0.0,0.0,0.0
0.0,0.0,0.0,0.0,0.0,0.0,0.0,0.0,0.0,0.0,0.0,0.0,0.0,0.0,0.0,0.0,0.0,0.0,0.0,0.0,0.0,-1.0,0.0,0.0,0.0,0.0,0.0,0.0
0.0,0.0,0.0,0.0,0.0,0.0,0.0,0.0,0.0,0.0,0.0,0.0,0.0,0.0,0.0,0.0,0.0,0.0,0.0,0.0,0.0,-1.0,0.0,0.0,0.0,0.0,0.0,0.0
0.0,0.0,0.0,0.0,0.0,0.0,0.0,0.0,0.0,0.0,0.0,0.0,0.0,0.0,0.0,0.0,0.0,0.0,0.0,0.0,0.0,-1.0,0.0,0.0,0.0,0.0,0.0,0.0
0.0,0.0,0.0,0.0,0.0,0.0,0.0,0.0,0.0,0.0,0.0,0.0,0.0,0.0,0.0,0.0,0.0,0.0,0.0,0.0,0.0,-1.0,0.0,0.0,0.0,0.0,0.0,0.0
0.0,0.0,0.0,0.0,0.0,0.0,0.0,0.0,0.0,0.0,0.0,0.0,0.0,0.0,0.0,0.0,0.0,0.0,0.0,0.0,0.0,-1.0,0.0,0.0,0.0,0.0,0.0,0.0
0.0,0.0,0.0,0.0,0.0,0.0,0.0,0.0,0.0,0.0,0.0,0.0,0.0,0.0,0.0,0.0,0.0,0.0,0.0,0.0,0.0,-1.0,0.0,0.0,0.0,0.0,0.0,0.0
0.0,0.0,0.0,0.0,0.0,0.0,0.0,0.0,0.0,0.0,0.0,0.0,0.0,0.0,0.0,0.0,0.0,0.0,0.0,0.0,0.0,-1.0,0.0,0.0,0.0,0.0,0.0,0.0
0.0,0.0,0.0,0.0,0.0,0.0,0.0,0.0,0.0,0.0,0.0,0.0,0.0,0.0,0.0,0.0,0.0,0.0,0.0,0.0,0.0,-1.0,0.0,0.0,0.0,0.0,0.0,0.0
0.0,0.0,0.0,0.0,0.0,0.0,0.0,0.0,0.0,0.0,0.0,0.0,0.0,0.0,0.0,0.0,0.0,0.0,0.0,0.0,0.0,-1.0,0.0,0.0,0.0,0.0,0.0,0.0
0.0,0.0,0.0,0.0,0.0,0.0,0.0,0.0,0.0,0.0,0.0,0.0,0.0,0.0,0.0,0.0,0.0,0.0,0.0,0.0,0.0,-1.0,0.0,0.0,0.0,0.0,0.0,0.0
0.0,0.0,0.0,0.0,0.0,0.0,0.0,0.0,0.0,0.0,0.0,0.0,0.0,0.0,0.0,0.0,0.0,0.0,0.0,0.0,0.0,-1.0,0.0,0.0,0.0,0.0,0.0,0.0
0.0,0.0,0.0,0.0,0.0,0.0,0.0,0.0,0.0,0.0,0.0,0.0,0.0,0.0,0.0,0.0,0.0,0.0,0.0,0.0,0.0,-1.0,0.0,0.0,0.0,0.0,0.0,0.0
0.0,0.0,0.0,0.0,0.0,0.0,0.0,0.0,0.0,0.0,0.0,0.0,0.0,0.0,0.0,0.0,0.0,0.0,0.0,0.0,0.0,-1.0,0.0,0.0,0.0,0.0,0.0,0.0
0.0,0.0,0.0,0.0,0.0,0.0,0.0,0.0,0.0,0.0,0.0,0.0,0.0,0.0,0.0,0.0,0.0,0.0,0.0,0.0,0.0,-1.0,0.0,0.0,0.0,0.0,0.0,0.0
0.0,0.0,0.0,0.0,0.0,0.0,0.0,0.0,0.0,0.0,0.0,0.0,0.0,0.0,0.0,0.0,0.0,0.0,0.0,0.0,0.0,-1.0,0.0,0.0,0.0,0.0,0.0,0.0
0.0,0.0,0.0,0.0,0.0,0.0,0.0,0.0,0.0,0.0,0.0,0.0,0.0,0.0,0.0,0.0,0.0,0.0,0.0,0.0,0.0,-1.0,0.0,0.0,0.0,0.0,0.0,0.0
0.0,0.0,0.0,0.0,0.0,0.0,0.0,0.0,0.0,0.0,0.0,0.0,0.0,0.0,0.0,0.0,0.0,0.0,0.0,0.0,0.0,-1.0,0.0,0.0,0.0,0.0,0.0,0.0
0.0,0.0,0.0,0.0,0.0,0.0,0.0,0.0,0.0,0.0,0.0,0.0,0.0,0.0,0.0,0.0,0.0,0.0,0.0,0.0,0.0,-1.0,0.0,0.0,0.0,0.0,0.0,0.0
0.0,0.0,0.0,0.0,0.0,0.0,0.0,0.0,0.0,0.0,0.0,0.0,0.0,0.0,0.0,0.0,0.0,0.0,0.0,0.0,0.0,-1.0,0.0,0.0,0.0,0.0,0.0,0.0
0.0,0.0,0.0,0.0,0.0,0.0,0.0,0.0,0.0,0.0,0.0,0.0,0.0,0.0,0.0,0.0,0.0,0.0,0.0,0.0,0.0,-1.0,0.0,0.0,0.0,0.0,0.0,0.0
0.0,0.0,0.0,0.0,0.0,0.0,0.0,0.0,0.0,0.0,0.0,0.0,0.0,0.0,0.0,0.0,0.0,0.0,0.0,0.0,0.0,-1.0,0.0,0.0,0.0,0.0,0.0,0.0
0.0,0.0,0.0,0.0,0.0,0.0,0.0,0.0,0.0,0.0,0.0,0.0,0.0,0.0,0.0,0.0,0.0,0.0,0.0,0.0,0.0,-1.0,0.0,0.0,0.0,0.0,0.0,0.0
0.0,0.0,0.0,0.0,0.0,0.0,0.0,0.0,0.0,0.0,0.0,0.0,0.0,0.0,0.0,0.0,0.0,0.0,0.0,0.0,0.0,-1.0,0.0,0.0,0.0,0.0,0.0,0.0
0.0,0.0,0.0,0.0,0.0,0.0,0.0,0.0,0.0,0.0,0.0,0.0,0.0,0.0,0.0,0.0,0.0,0.0,0.0,0.0,0.0,-1.0,0.0,0.0,0.0,0.0,0.0,0.0
0.0,0.0,0.0,0.0,0.0,0.0,0.0,0.0,0.0,0.0,0.0,0.0,0.0,0.0,0.0,0.0,0.0,0.0,0.0,0.0,0.0,-1.0,0.0,0.0,0.0,0.0,0.0,0.0
0.0,0.0,0.0,0.0,0.0,0.0,0.0,0.0,0.0,0.0,0.0,0.0,0.0,0.0,0.0,0.0,0.0,0.0,0.0,0.0,0.0,-1.0,0.0,0.0,0.0,0.0,0.0,0.0
0.0,0.0,0.0,0.0,0.0,0.0,0.0,0.0,0.0,0.0,0.0,0.0,0.0,0.0,0.0,0.0,0.0,0.0,0.0,0.0,0.0,-1.0,0.0,0.0,0.0,0.0,0.0,0.0
0.0,0.0,0.0,0.0,0.0,0.0,0.0,0.0,0.0,0.0,0.0,0.0,0.0,0.0,0.0,0.0,0.0,0.0,0.0,0.0,0.0,-1.0,0.0,0.0,0.0,0.0,0.0,0.0
0.0,0.0,0.0,0.0,0.0,0.0,0.0,0.0,0.0,0.0,0.0,0.0,0.0,0.0,0.0,0.0,0.0,0.0,0.0,0.0,0.0,-1.0,0.0,0.0,0.0,0.0,0.0,0.0
0.0,0.0,0.0,0.0,0.0,0.0,0.0,0.0,0.0,0.0,0.0,0.0,0.0,0.0,0.0,0.0,0.0,0.0,0.0,0.0,0.0,-1.0,0.0,0.0,0.0,0.0,0.0,0.0
0.0,0.0,0.0,0.0,0.0,0.0,0.0,0.0,0.0,0.0,0.0,0.0,0.0,0.0,0.0,0.0,0.0,0.0,0.0,0.0,0.0,-1.0,0.0,0.0,0.0,0.0,0.0,0.0
0.0,0.0,0.0,0.0,0.0,0.0,0.0,0.0,0.0,0.0,0.0,0.0,0.0,0.0,0.0,0.0,0.0,0.0,0.0,0.0,0.0,-1.0,0.0,0.0,0.0,0.0,0.0,0.0
0.0,0.0,0.0,0.0,0.0,0.0,0.0,0.0,0.0,0.0,0.0,0.0,0.0,0.0,0.0,0.0,0.0,0.0,0.0,0.0,0.0,-1.0,0.0,0.0,0.0,0.0,0.0,0.0
0.0,0.0,0.0,0.0,0.0,0.0,0.0,0.0,0.0,0.0,0.0,0.0,0.0,0.0,0.0,0.0,0.0,0.0,0.0,0.0,0.0,-1.0,0.0,0.0,0.0,0.0,0.0,0.0
0.0,0.0,0.0,0.0,0.0,0.0,0.0,0.0,0.0,0.0,0.0,0.0,0.0,0.0,0.0,0.0,0.0,0.0,0.0,0.0,0.0,-1.0,0.0,0.0,0.0,0.0,0.0,0.0
0.0,0.0,0.0,0.0,0.0,0.0,0.0,0.0,0.0,0.0,0.0,0.0,0.0,0.0,0.0,0.0,0.0,0.0,0.0,0.0,0.0,-1.0,0.0,0.0,0.0,0.0,0.0,0.0
0.0,0.0,0.0,0.0,0.0,0.0,0.0,0.0,0.0,0.0,0.0,0.0,0.0,0.0,0.0,0.0,0.0,0.0,0.0,0.0,0.0,-1.0,0.0,0.0,0.0,0.0,0.0,0.0
0.0,0.0,0.0,0.0,0.0,0.0,0.0,0.0,0.0,0.0,0.0,0.0,0.0,0.0,0.0,0.0,0.0,0.0,0.0,0.0,0.0,-1.0,0.0,0.0,0.0,0.0,0.0,0.0
0.0,0.0,0.0,0.0,0.0,0.0,0.0,0.0,0.0,0.0,0.0,0.0,0.0,0.0,0.0,0.0,0.0,0.0,0.0,0.0,0.0,-1.0,0.0,0.0,0.0,0.0,0.0,0.0
0.0,0.0,0.0,0.0,0.0,0.0,0.0,0.0,0.0,0.0,0.0,0.0,0.0,0.0,0.0,0.0,0.0,0.0,0.0,0.0,0.0,-1.0,0.0,0.0,0.0,0.0,0.0,0.0
0.0,0.0,0.0,0.0,0.0,0.0,0.0,0.0,0.0,0.0,0.0,0.0,0.0,0.0,0.0,0.0,0.0,0.0,0.0,0.0,0.0,-1.0,0.0,0.0,0.0,0.0,0.0,0.0
0.0,0.0,0.0,0.0,0.0,0.0,0.0,0.0,0.0,0.0,0.0,0.0,0.0,0.0,0.0,0.0,0.0,0.0,0.0,0.0,0.0,-1.0,0.0,0.0,0.0,0.0,0.0,0.0
0.0,0.0,0.0,0.0,0.0,0.0,0.0,0.0,0.0,0.0,0.0,0.0,0.0,0.0,0.0,0.0,0.0,0.0,0.0,0.0,0.0,-1.0,0.0,0.0,0.0,0.0,0.0,0.0
0.0,0.0,0.0,0.0,0.0,0.0,0.0,0.0,0.0,0.0,0.0,0.0,0.0,0.0,0.0,0.0,0.0,0.0,0.0,0.0,0.0,-1.0,0.0,0.0,0.0,0.0,0.0,0.0
0.0,0.0,0.0,0.0,0.0,0.0,0.0,0.0,0.0,0.0,0.0,0.0,0.0,0.0,0.0,0.0,0.0,0.0,0.0,0.0,0.0,-1.0,0.0,0.0,0.0,0.0,0.0,0.0
0.0,0.0,0.0,0.0,0.0,0.0,0.0,0.0,0.0,0.0,0.0,0.0,0.0,0.0,0.0,0.0,0.0,0.0,0.0,0.0,0.0,-1.0,0.0,0.0,0.0,0.0,0.0,0.0
0.0,0.0,0.0,0.0,0.0,0.0,0.0,0.0,0.0,0.0,0.0,0.0,0.0,0.0,0.0,0.0,0.0,0.0,0.0,0.0,0.0,-1.0,0.0,0.0,0.0,0.0,0.0,0.0
0.0,0.0,0.0,0.0,0.0,0.0,0.0,0.0,0.0,0.0,0.0,0.0,0.0,0.0,0.0,0.0,0.0,0.0,0.0,0.0,0.0,-1.0,0.0,0.0,0.0,0.0,0.0,0.0
0.0,0.0,0.0,0.0,0.0,0.0,0.0,0.0,0.0,0.0,0.0,0.0,0.0,0.0,0.0,0.0,0.0,0.0,0.0,0.0,0.0,-1.0,0.0,0.0,0.0,0.0,0.0,0.0
0.0,0.0,0.0,0.0,0.0,0.0,0.0,0.0,0.0,0.0,0.0,0.0,0.0,0.0,0.0,0.0,0.0,0.0,0.0,0.0,0.0,-1.0,0.0,0.0,0.0,0.0,0.0,0.0
0.0,0.0,0.0,0.0,0.0,0.0,0.0,0.0,0.0,0.0,0.0,0.0,0.0,0.0,0.0,0.0,0.0,0.0,0.0,0.0,0.0,-1.0,0.0,0.0,0.0,0.0,0.0,0.0
0.0,0.0,0.0,0.0,0.0,0.0,0.0,0.0,0.0,0.0,0.0,0.0,0.0,0.0,0.0,0.0,0.0,0.0,0.0,0.0,0.0,-1.0,0.0,0.0,0.0,0.0,0.0,0.0
0.0,0.0,0.0,0.0,0.0,0.0,0.0,0.0,0.0,0.0,0.0,0.0,0.0,0.0,0.0,0.0,0.0,0.0,0.0,0.0,0.0,-1.0,0.0,0.0,0.0,0.0,0.0,0.0
0.0,0.0,0.0,0.0,0.0,0.0,0.0,0.0,0.0,0.0,0.0,0.0,0.0,0.0,0.0,0.0,0.0,0.0,0.0,0.0,0.0,-1.0,0.0,0.0,0.0,0.0,0.0,0.0
0.0,0.0,0.0,0.0,0.0,0.0,0.0,0.0,0.0,0.0,0.0,0.0,0.0,0.0,0.0,0.0,0.0,0.0,0.0,0.0,0.0,-1.0,0.0,0.0,0.0,0.0,0.0,0.0
0.0,0.0,0.0,0.0,0.0,0.0,0.0,0.0,0.0,0.0,0.0,0.0,0.0,0.0,0.0,0.0,0.0,0.0,0.0,0.0,0.0,-1.0,0.0,0.0,0.0,0.0,0.0,0.0
0.0,0.0,0.0,0.0,0.0,0.0,0.0,0.0,0.0,0.0,0.0,0.0,0.0,0.0,0.0,0.0,0.0,0.0,0.0,0.0,0.0,-1.0,0.0,0.0,0.0,0.0,0.0,0.0
0.0,0.0,0.0,0.0,0.0,0.0,0.0,0.0,0.0,0.0,0.0,0.0,0.0,0.0,0.0,0.0,0.0,0.0,0.0,0.0,0.0,-1.0,0.0,0.0,0.0,0.0,0.0,0.0
0.0,0.0,0.0,0.0,0.0,0.0,0.0,0.0,0.0,0.0,0.0,0.0,0.0,0.0,0.0,0.0,0.0,0.0,0.0,0.0,0.0,-1.0,0.0,0.0,0.0,0.0,0.0,0.0
0.0,0.0,0.0,0.0,0.0,0.0,0.0,0.0,0.0,0.0,0.0,0.0,0.0,0.0,0.0,0.0,0.0,0.0,0.0,0.0,0.0,-1.0,0.0,0.0,0.0,0.0,0.0,0.0
0.0,0.0,0.0,0.0,0.0,0.0,0.0,0.0,0.0,0.0,0.0,0.0,0.0,0.0,0.0,0.0,0.0,0.0,0.0,0.0,0.0,-1.0,0.0,0.0,0.0,0.0,0.0,0.0
0.0,0.0,0.0,0.0,0.0,0.0,0.0,0.0,0.0,0.0,0.0,0.0,0.0,0.0,0.0,0.0,0.0,0.0,0.0,0.0,0.0,-1.0,0.0,0.0,0.0,0.0,0.0,0.0
0.0,0.0,0.0,0.0,0.0,0.0,0.0,0.0,0.0,0.0,0.0,0.0,0.0,0.0,0.0,0.0,0.0,0.0,0.0,0.0,0.0,-1.0,0.0,0.0,0.0,0.0,0.0,0.0
0.0,0.0,0.0,0.0,0.0,0.0,0.0,0.0,0.0,0.0,0.0,0.0,0.0,0.0,0.0,0.0,0.0,0.0,0.0,0.0,0.0,-1.0,0.0,0.0,0.0,0.0,0.0,0.0
0.0,0.0,0.0,0.0,0.0,0.0,0.0,0.0,0.0,0.0,0.0,0.0,0.0,0.0,0.0,0.0,0.0,0.0,0.0,0.0,0.0,-1.0,0.0,0.0,0.0,0.0,0.0,0.0
0.0,0.0,0.0,0.0,0.0,0.0,0.0,0.0,0.0,0.0,0.0,0.0,0.0,0.0,0.0,0.0,0.0,0.0,0.0,0.0,0.0,-1.0,0.0,0.0,0.0,0.0,0.0,0.0
0.0,0.0,0.0,0.0,0.0,0.0,0.0,0.0,0.0,0.0,0.0,0.0,0.0,0.0,0.0,0.0,0.0,0.0,0.0,0.0,0.0,-1.0,0.0,0.0,0.0,0.0,0.0,0.0
0.0,0.0,0.0,0.0,0.0,0.0,0.0,0.0,0.0,0.0,0.0,0.0,0.0,0.0,0.0,0.0,0.0,0.0,0.0,0.0,0.0,-1.0,0.0,0.0,0.0,0.0,0.0,0.0
0.0,0.0,0.0,0.0,0.0,0.0,0.0,0.0,0.0,0.0,0.0,0.0,0.0,0.0,0.0,0.0,0.0,0.0,0.0,0.0,0.0,-1.0,0.0,0.0,0.0,0.0,0.0,0.0
0.0,0.0,0.0,0.0,0.0,0.0,0.0,0.0,0.0,0.0,0.0,0.0,0.0,0.0,0.0,0.0,0.0,0.0,0.0,0.0,0.0,-1.0,0.0,0.0,0.0,0.0,0.0,0.0
0.0,0.0,0.0,0.0,0.0,0.0,0.0,0.0,0.0,0.0,0.0,0.0,0.0,0.0,0.0,0.0,0.0,0.0,0.0,0.0,0.0,-1.0,0.0,0.0,0.0,0.0,0.0,0.0
0.0,0.0,0.0,0.0,0.0,0.0,0.0,0.0,0.0,0.0,0.0,0.0,0.0,0.0,0.0,0.0,0.0,0.0,0.0,0.0,0.0,-1.0,0.0,0.0,0.0,0.0,0.0,0.0
0.0,0.0,0.0,0.0,0.0,0.0,0.0,0.0,0.0,0.0,0.0,0.0,0.0,0.0,0.0,0.0,0.0,0.0,0.0,0.0,0.0,-1.0,0.0,0.0,0.0,0.0,0.0,0.0
0.0,0.0,0.0,0.0,0.0,0.0,0.0,0.0,0.0,0.0,0.0,0.0,0.0,0.0,0.0,0.0,0.0,0.0,0.0,0.0,0.0,-1.0,0.0,0.0,0.0,0.0,0.0,0.0
0.0,0.0,0.0,0.0,0.0,0.0,0.0,0.0,0.0,0.0,0.0,0.0,0.0,0.0,0.0,0.0,0.0,0.0,0.0,0.0,0.0,-1.0,0.0,0.0,0.0,0.0,0.0,0.0
0.0,0.0,0.0,0.0,0.0,0.0,0.0,0.0,0.0,0.0,0.0,0.0,0.0,0.0,0.0,0.0,0.0,0.0,0.0,0.0,0.0,-1.0,0.0,0.0,0.0,0.0,0.0,0.0
0.0,0.0,0.0,0.0,0.0,0.0,0.0,0.0,0.0,0.0,0.0,0.0,0.0,0.0,0.0,0.0,0.0,0.0,0.0,0.0,0.0,-1.0,0.0,0.0,0.0,0.0,0.0,0.0
0.0,0.0,0.0,0.0,0.0,0.0,0.0,0.0,0.0,0.0,0.0,0.0,0.0,0.0,0.0,0.0,0.0,0.0,0.0,0.0,0.0,-1.0,0.0,0.0,0.0,0.0,0.0,0.0
0.0,0.0,0.0,0.0,0.0,0.0,0.0,0.0,0.0,0.0,0.0,0.0,0.0,0.0,0.0,0.0,0.0,0.0,0.0,0.0,0.0,-1.0,0.0,0.0,0.0,0.0,0.0,0.0
0.0,0.0,0.0,0.0,0.0,0.0,0.0,0.0,0.0,0.0,0.0,0.0,0.0,0.0,0.0,0.0,0.0,0.0,0.0,0.0,0.0,-1.0,0.0,0.0,0.0,0.0,0.0,0.0
0.0,0.0,0.0,0.0,0.0,0.0,0.0,0.0,0.0,0.0,0.0,0.0,0.0,0.0,0.0,0.0,0.0,0.0,0.0,0.0,0.0,-1.0,0.0,0.0,0.0,0.0,0.0,0.0
0.0,0.0,0.0,0.0,0.0,0.0,0.0,0.0,0.0,0.0,0.0,0.0,0.0,0.0,0.0,0.0,0.0,0.0,0.0,0.0,0.0,-1.0,0.0,0.0,0.0,0.0,0.0,0.0
0.0,0.0,0.0,0.0,0.0,0.0,0.0,0.0,0.0,0.0,0.0,0.0,0.0,0.0,0.0,0.0,0.0,0.0,0.0,0.0,0.0,-1.0,0.0,0.0,0.0,0.0,0.0,0.0
0.0,0.0,0.0,0.0,0.0,0.0,0.0,0.0,0.0,0.0,0.0,0.0,0.0,0.0,0.0,0.0,0.0,0.0,0.0,0.0,0.0,-1.0,0.0,0.0,0.0,0.0,0.0,0.0
0.0,0.0,0.0,0.0,0.0,0.0,0.0,0.0,0.0,0.0,0.0,0.0,0.0,0.0,0.0,0.0,0.0,0.0,0.0,0.0,0.0,-1.0,0.0,0.0,0.0,0.0,0.0,0.0
0.0,0.0,0.0,0.0,0.0,0.0,0.0,0.0,0.0,0.0,0.0,0.0,0.0,0.0,0.0,0.0,0.0,0.0,0.0,0.0,0.0,-1.0,0.0,0.0,0.0,0.0,0.0,0.0
0.0,0.0,0.0,0.0,0.0,0.0,0.0,0.0,0.0,0.0,0.0,0.0,0.0,0.0,0.0,0.0,0.0,0.0,0.0,0.0,0.0,-1.0,0.0,0.0,0.0,0.0,0.0,0.0
0.0,0.0,0.0,0.0,0.0,0.0,0.0,0.0,0.0,0.0,0.0,0.0,0.0,0.0,0.0,0.0,0.0,0.0,0.0,0.0,0.0,-1.0,0.0,0.0,0.0,0.0,0.0,0.0
0.0,0.0,0.0,0.0,0.0,0.0,0.0,0.0,0.0,0.0,0.0,0.0,0.0,0.0,0.0,0.0,0.0,0.0,0.0,0.0,0.0,-1.0,0.0,0.0,0.0,0.0,0.0,0.0
0.0,0.0,0.0,0.0,0.0,0.0,0.0,0.0,0.0,0.0,0.0,0.0,0.0,0.0,0.0,0.0,0.0,0.0,0.0,0.0,0.0,-1.0,0.0,0.0,0.0,0.0,0.0,0.0
0.0,0.0,0.0,0.0,0.0,0.0,0.0,0.0,0.0,0.0,0.0,0.0,0.0,0.0,0.0,0.0,0.0,0.0,0.0,0.0,0.0,-1.0,0.0,0.0,0.0,0.0,0.0,0.0
0.0,0.0,0.0,0.0,0.0,0.0,0.0,0.0,0.0,0.0,0.0,0.0,0.0,0.0,0.0,0.0,0.0,0.0,0.0,0.0,0.0,-1.0,0.0,0.0,0.0,0.0,0.0,0.0
0.0,0.0,0.0,0.0,0.0,0.0,0.0,0.0,0.0,0.0,0.0,0.0,0.0,0.0,0.0,0.0,0.0,0.0,0.0,0.0,0.0,-1.0,0.0,0.0,0.0,0.0,0.0,0.0
0.0,0.0,0.0,0.0,0.0,0.0,0.0,0.0,0.0,0.0,0.0,0.0,0.0,0.0,0.0,0.0,0.0,0.0,0.0,0.0,0.0,-1.0,0.0,0.0,0.0,0.0,0.0,0.0
0.0,0.0,0.0,0.0,0.0,0.0,0.0,0.0,0.0,0.0,0.0,0.0,0.0,0.0,0.0,0.0,0.0,0.0,0.0,0.0,0.0,-1.0,0.0,0.0,0.0,0.0,0.0,0.0
0.0,0.0,0.0,0.0,0.0,0.0,0.0,0.0,0.0,0.0,0.0,0.0,0.0,0.0,0.0,0.0,0.0,0.0,0.0,0.0,0.0,-1.0,0.0,0.0,0.0,0.0,0.0,0.0
0.0,0.0,0.0,0.0,0.0,0.0,0.0,0.0,0.0,0.0,0.0,0.0,0.0,0.0,0.0,0.0,0.0,0.0,0.0,0.0,0.0,-1.0,0.0,0.0,0.0,0.0,0.0,0.0
0.0,0.0,0.0,0.0,0.0,0.0,0.0,0.0,0.0,0.0,0.0,0.0,0.0,0.0,0.0,0.0,0.0,0.0,0.0,0.0,0.0,-1.0,0.0,0.0,0.0,0.0,0.0,0.0
0.0,0.0,0.0,0.0,0.0,0.0,0.0,0.0,0.0,0.0,0.0,0.0,0.0,0.0,0.0,0.0,0.0,0.0,0.0,0.0,0.0,-1.0,0.0,0.0,0.0,0.0,0.0,0.0
0.0,0.0,0.0,0.0,0.0,0.0,0.0,0.0,0.0,0.0,0.0,0.0,0.0,0.0,0.0,0.0,0.0,0.0,0.0,0.0,0.0,-1.0,0.0,0.0,0.0,0.0,0.0,0.0
0.0,0.0,0.0,0.0,0.0,0.0,0.0,0.0,0.0,0.0,0.0,0.0,0.0,0.0,0.0,0.0,0.0,0.0,0.0,0.0,0.0,-1.0,0.0,0.0,0.0,0.0,0.0,0.0
0.0,0.0,0.0,0.0,0.0,0.0,0.0,0.0,0.0,0.0,0.0,0.0,0.0,0.0,0.0,0.0,0.0,0.0,0.0,0.0,0.0,-1.0,0.0,0.0,0.0,0.0,0.0,0.0
0.0,0.0,0.0,0.0,0.0,0.0,0.0,0.0,0.0,0.0,0.0,0.0,0.0,0.0,0.0,0.0,0.0,0.0,0.0,0.0,0.0,-1.0,0.0,0.0,0.0,0.0,0.0,0.0
0.0,0.0,0.0,0.0,0.0,0.0,0.0,0.0,0.0,0.0,0.0,0.0,0.0,0.0,0.0,0.0,0.0,0.0,0.0,0.0,0.0,-1.0,0.0,0.0,0.0,0.0,0.0,0.0
0.0,0.0,0.0,0.0,0.0,0.0,0.0,0.0,0.0,0.0,0.0,0.0,0.0,0.0,0.0,0.0,0.0,0.0,0.0,0.0,0.0,-1.0,0.0,0.0,0.0,0.0,0.0,0.0
0.0,0.0,0.0,0.0,0.0,0.0,0.0,0.0,0.0,0.0,0.0,0.0,0.0,0.0,0.0,0.0,0.0,0.0,0.0,0.0,0.0,-1.0,0.0,0.0,0.0,0.0,0.0,0.0
0.0,0.0,0.0,0.0,0.0,0.0,0.0,0.0,0.0,0.0,0.0,0.0,0.0,0.0,0.0,0.0,0.0,0.0,0.0,0.0,0.0,-1.0,0.0,0.0,0.0,0.0,0.0,0.0
0.0,0.0,0.0,0.0,0.0,0.0,0.0,0.0,0.0,0.0,0.0,0.0,0.0,0.0,0.0,0.0,0.0,0.0,0.0,0.0,0.0,-1.0,0.0,0.0,0.0,0.0,0.0,0.0
0.0,0.0,0.0,0.0,0.0,0.0,0.0,0.0,0.0,0.0,0.0,0.0,0.0,0.0,0.0,0.0,0.0,0.0,0.0,0.0,0.0,-1.0,0.0,0.0,0.0,0.0,0.0,0.0
0.0,0.0,0.0,0.0,0.0,0.0,0.0,0.0,0.0,0.0,0.0,0.0,0.0,0.0,0.0,0.0,0.0,0.0,0.0,0.0,0.0,-1.0,0.0,0.0,0.0,0.0,0.0,0.0
0.0,0.0,0.0,0.0,0.0,0.0,0.0,0.0,0.0,0.0,0.0,0.0,0.0,0.0,0.0,0.0,0.0,0.0,0.0,0.0,0.0,-1.0,0.0,0.0,0.0,0.0,0.0,0.0
0.0,0.0,0.0,0.0,0.0,0.0,0.0,0.0,0.0,0.0,0.0,0.0,0.0,0.0,0.0,0.0,0.0,0.0,0.0,0.0,0.0,-1.0,0.0,0.0,0.0,0.0,0.0,0.0
0.0,0.0,0.0,0.0,0.0,0.0,0.0,0.0,0.0,0.0,0.0,0.0,0.0,0.0,0.0,0.0,0.0,0.0,0.0,0.0,0.0,-1.0,0.0,0.0,0.0,0.0,0.0,0.0
0.0,0.0,0.0,0.0,0.0,0.0,0.0,0.0,0.0,0.0,0.0,0.0,0.0,0.0,0.0,0.0,0.0,0.0,0.0,0.0,0.0,-1.0,0.0,0.0,0.0,0.0,0.0,0.0
0.0,0.0,0.0,0.0,0.0,0.0,0.0,0.0,0.0,0.0,0.0,0.0,0.0,0.0,0.0,0.0,0.0,0.0,0.0,0.0,0.0,-1.0,0.0,0.0,0.0,0.0,0.0,0.0
0.0,0.0,0.0,0.0,0.0,0.0,0.0,0.0,0.0,0.0,0.0,0.0,0.0,0.0,0.0,0.0,0.0,0.0,0.0,0.0,0.0,-1.0,0.0,0.0,0.0,0.0,0.0,0.0
0.0,0.0,0.0,0.0,0.0,0.0,0.0,0.0,0.0,0.0,0.0,0.0,0.0,0.0,0.0,0.0,0.0,0.0,0.0,0.0,0.0,-1.0,0.0,0.0,0.0,0.0,0.0,0.0
0.0,0.0,0.0,0.0,0.0,0.0,0.0,0.0,0.0,0.0,0.0,0.0,0.0,0.0,0.0,0.0,0.0,0.0,0.0,0.0,0.0,-1.0,0.0,0.0,0.0,0.0,0.0,0.0
0.0,0.0,0.0,0.0,0.0,0.0,0.0,0.0,0.0,0.0,0.0,0.0,0.0,0.0,0.0,0.0,0.0,0.0,0.0,0.0,0.0,-1.0,0.0,0.0,0.0,0.0,0.0,0.0
0.0,0.0,0.0,0.0,0.0,0.0,0.0,0.0,0.0,0.0,0.0,0.0,0.0,0.0,0.0,0.0,0.0,0.0,0.0,0.0,0.0,-1.0,0.0,0.0,0.0,0.0,0.0,0.0
0.0,0.0,0.0,0.0,0.0,0.0,0.0,0.0,0.0,0.0,0.0,0.0,0.0,0.0,0.0,0.0,0.0,0.0,0.0,0.0,0.0,-1.0,0.0,0.0,0.0,0.0,0.0,0.0
0.0,0.0,0.0,0.0,0.0,0.0,0.0,0.0,0.0,0.0,0.0,0.0,0.0,0.0,0.0,0.0,0.0,0.0,0.0,0.0,0.0,-1.0,0.0,0.0,0.0,0.0,0.0,0.0
0.0,0.0,0.0,0.0,0.0,0.0,0.0,0.0,0.0,0.0,0.0,0.0,0.0,0.0,0.0,0.0,0.0,0.0,0.0,0.0,0.0,-1.0,0.0,0.0,0.0,0.0,0.0,0.0
0.0,0.0,0.0,0.0,0.0,0.0,0.0,0.0,0.0,0.0,0.0,0.0,0.0,0.0,0.0,0.0,0.0,0.0,0.0,0.0,0.0,-1.0,0.0,0.0,0.0,0.0,0.0,0.0
0.0,0.0,0.0,0.0,0.0,0.0,0.0,0.0,0.0,0.0,0.0,0.0,0.0,0.0,0.0,0.0,0.0,0.0,0.0,0.0,0.0,-1.0,0.0,0.0,0.0,0.0,0.0,0.0
0.0,0.0,0.0,0.0,0.0,0.0,0.0,0.0,0.0,0.0,0.0,0.0,0.0,0.0,0.0,0.0,0.0,0.0,0.0,0.0,0.0,-1.0,0.0,0.0,0.0,0.0,0.0,0.0
0.0,0.0,0.0,0.0,0.0,0.0,0.0,0.0,0.0,0.0,0.0,0.0,0.0,0.0,0.0,0.0,0.0,0.0,0.0,0.0,0.0,-1.0,0.0,0.0,0.0,0.0,0.0,0.0
0.0,0.0,0.0,0.0,0.0,0.0,0.0,0.0,0.0,0.0,0.0,0.0,0.0,0.0,0.0,0.0,0.0,0.0,0.0,0.0,0.0,-1.0,0.0,0.0,0.0,0.0,0.0,0.0
0.0,0.0,0.0,0.0,0.0,0.0,0.0,0.0,0.0,0.0,0.0,0.0,0.0,0.0,0.0,0.0,0.0,0.0,0.0,0.0,0.0,-1.0,0.0,0.0,0.0,0.0,0.0,0.0
0.0,0.0,0.0,0.0,0.0,0.0,0.0,0.0,-0.598,-0.598,0.0,0.0,0.0,0.0,-0.598,-0.598,-0.598,0.0,0.0,0.0,0.0,-1.0,0.0,0.0,0.0,0.0,0.0,0.0
0.0,0.0,0.0,0.0,0.0,0.0,0.0,0.0,-0.963,-0.72,0.0,0.0,0.0,0.0,-0.963,-0.963,-0.963,0.0,0.0,0.0,0.0,-1.0,0.0,0.0,0.0,0.0,0.0,0.0
0.0,0.0,0.0,0.0,0.0,0.0,0.0,0.0,-0.993,-0.675,0.0,0.0,0.0,0.0,-0.993,-0.993,-0.993,0.0,0.0,0.0,0.0,-1.0,0.0,0.0,0.0,0.0,0.0,0.0
0.0,0.0,0.0,0.0,0.0,0.0,0.0,0.0,-1.0,-0.687,0.0,0.0,0.0,0.0,-1.0,-1.0,-1.0,0.0,0.0,0.0,0.0,-1.0,0.0,0.0,0.0,0.0,0.0,0.0
0.0,0.0,0.0,0.0,0.0,0.0,0.0,0.0,-1.0,-0.678,0.0,0.0,0.0,0.0,-1.0,-1.0,-1.0,0.0,0.0,0.0,0.0,-1.0,0.0,0.0,0.0,0.0,0.0,0.0
0.0,0.0,0.0,0.0,0.0,0.0,0.0,0.0,-1.0,-0.698,0.0,0.0,0.0,0.0,-1.0,-1.0,-1.0,0.0,0.0,0.0,0.0,-1.0,0.0,0.0,0.0,0.0,0.0,0.0
0.0,0.0,0.0,0.0,0.0,0.0,0.0,0.0,-1.0,-0.691,0.0,0.0,0.0,0.0,-1.0,-1.0,-1.0,0.0,0.0,0.0,0.0,-1.0,0.0,0.0,0.0,0.0,0.0,0.0
0.0,0.0,0.0,0.0,0.0,0.0,0.0,0.0,-1.0,-0.689,0.0,0.0,0.0,0.0,-1.0,-1.0,-1.0,0.0,0.0,0.0,0.0,-1.0,0.0,0.0,0.0,0.0,0.0,0.0
0.0,0.0,0.0,0.0,0.0,0.0,0.0,0.0,-1.0,-0.69,0.0,0.0,0.0,0.0,-1.0,-1.0,-1.0,0.0,0.0,0.0,0.0,-1.0,0.0,0.0,0.0,0.0,0.0,0.0
0.0,0.0,0.0,0.0,0.0,0.0,0.0,0.0,-1.0,-0.698,0.0,0.0,0.0,0.0,-1.0,-1.0,-1.0,0.0,0.0,0.0,0.0,-1.0,0.0,0.0,0.0,0.0,0.0,0.0
0.0,0.0,0.0,0.0,0.0,0.0,0.0,0.0,-1.0,-0.673,0.0,0.0,0.0,0.0,-1.0,-1.0,-1.0,0.0,0.0,0.0,0.0,-1.0,0.0,0.0,0.0,0.0,0.0,0.0
0.0,0.0,0.0,0.0,0.0,0.0,0.0,0.0,-1.0,-0.699,0.0,0.0,0.0,0.0,-1.0,-1.0,-1.0,0.0,0.0,0.0,0.0,-1.0,0.0,0.0,0.0,0.0,0.0,0.0
0.0,0.0,0.0,0.0,0.0,0.0,0.0,0.0,-1.0,-0.694,0.0,0.0,0.0,0.0,-1.0,-1.0,-1.0,0.0,0.0,0.0,0.0,-1.0,0.0,0.0,0.0,0.0,0.0,0.0
0.0,0.0,0.0,0.0,0.0,0.0,0.0,0.0,-1.0,-0.687,0.0,0.0,0.0,0.0,-1.0,-1.0,-1.0,0.0,0.0,0.0,0.0,-1.0,0.0,0.0,0.0,0.0,0.0,0.0
0.0,0.0,0.0,0.0,0.0,0.0,0.0,0.0,-1.0,-0.692,0.0,0.0,0.0,0.0,-1.0,-1.0,-1.0,0.0,0.0,0.0,0.0,-1.0,0.0,0.0,0.0,0.0,0.0,0.0
0.0,0.0,0.0,0.0,0.0,0.0,0.0,0.0,-1.0,-0.685,0.0,0.0,0.0,0.0,-1.0,-1.0,-1.0,0.0,0.0,0.0,0.0,-1.0,0.0,0.0,0.0,0.0,0.0,0.0
0.0,0.0,0.0,0.0,0.0,0.0,0.0,0.0,-1.0,-0.711,0.0,0.0,0.0,0.0,-1.0,-1.0,-1.0,0.0,0.0,0.0,0.0,-1.0,0.0,0.0,0.0,0.0,0.0,0.0
0.0,0.0,0.0,0.0,0.0,0.0,0.0,0.0,-1.0,-0.657,0.0,0.0,0.0,0.0,-1.0,-1.0,-1.0,0.0,0.0,0.0,0.0,-1.0,0.0,0.0,0.0,0.0,0.0,0.0
0.0,0.0,0.0,0.0,0.0,0.0,0.0,0.0,-1.0,-0.681,0.0,0.0,0.0,0.0,-1.0,-1.0,-1.0,0.0,0.0,0.0,0.0,-1.0,0.0,0.0,0.0,0.0,0.0,0.0
0.0,0.0,0.0,0.0,0.0,0.0,0.0,0.0,-1.0,-0.7,0.0,0.0,0.0,0.0,-1.0,-1.0,-1.0,0.0,0.0,0.0,0.0,-1.0,0.0,0.0,0.0,0.0,0.0,0.0
0.0,0.0,0.0,0.0,0.0,0.0,0.0,0.0,-1.0,-0.669,0.0,0.0,0.0,0.0,-1.0,-1.0,-1.0,0.0,0.0,0.0,0.0,-1.0,0.0,0.0,0.0,0.0,0.0,0.0
0.0,0.0,0.0,0.0,0.0,0.0,0.0,0.0,-1.0,-0.704,0.0,0.0,0.0,0.0,-1.0,-1.0,-1.0,0.0,0.0,0.0,0.0,-1.0,0.0,0.0,0.0,0.0,0.0,0.0
0.0,0.0,0.0,0.0,0.0,0.0,0.0,0.0,-1.0,-0.668,0.0,0.0,0.0,0.0,-1.0,-1.0,-1.0,0.0,0.0,0.0,0.0,-1.0,0.0,0.0,0.0,0.0,0.0,0.0
0.0,0.0,0.0,0.0,0.0,0.0,0.0,0.0,-1.0,-0.722,0.0,0.0,0.0,0.0,-1.0,-1.0,-1.0,0.0,0.0,0.0,0.0,-1.0,0.0,0.0,0.0,0.0,0.0,0.0
0.0,0.0,0.0,0.0,0.0,0.0,0.0,0.0,-1.0,-0.66,0.0,0.0,0.0,0.0,-1.0,-1.0,-1.0,0.0,0.0,0.0,0.0,-1.0,0.0,0.0,0.0,0.0,0.0,0.0
0.0,0.0,0.0,0.0,0.0,0.0,0.0,0.0,-1.0,-0.696,0.0,0.0,0.0,0.0,-1.0,-1.0,-1.0,0.0,0.0,0.0,0.0,-1.0,0.0,0.0,0.0,0.0,0.0,0.0
0.0,0.0,0.0,0.0,0.0,0.0,0.0,0.0,-1.0,-0.666,0.0,0.0,0.0,0.0,-1.0,-1.0,-1.0,0.0,0.0,0.0,0.0,-1.0,0.0,0.0,0.0,0.0,0.0,0.0
0.0,0.0,0.0,0.0,0.0,0.0,0.0,0.0,-1.0,-0.684,0.0,0.0,0.0,0.0,-1.0,-1.0,-1.0,0.0,0.0,0.0,0.0,-1.0,0.0,0.0,0.0,0.0,0.0,0.0
0.0,0.0,0.0,0.0,0.0,0.0,0.0,0.0,-1.0,-0.676,0.0,0.0,0.0,0.0,-1.0,-1.0,-1.0,0.0,0.0,0.0,0.0,-1.0,0.0,0.0,0.0,0.0,0.0,0.0
0.0,0.0,0.0,0.0,0.0,0.0,0.0,0.0,-1.0,-0.71,0.0,0.0,0.0,0.0,-1.0,-1.0,-1.0,0.0,0.0,0.0,0.0,-1.0,0.0,0.0,0.0,0.0,0.0,0.0
0.0,0.0,0.0,0.0,0.0,0.0,0.0,0.0,-1.0,-0.688,0.0,0.0,0.0,0.0,-1.0,-1.0,-1.0,0.0,0.0,0.0,0.0,-1.0,0.0,0.0,0.0,0.0,0.0,0.0
0.0,0.0,0.0,0.0,0.0,0.0,0.0,0.0,-1.0,-0.703,0.0,0.0,0.0,0.0,-1.0,-1.0,-1.0,0.0,0.0,0.0,0.0,-1.0,0.0,0.0,0.0,0.0,0.0,0.0
0.0,0.0,0.0,0.0,0.0,0.0,0.0,0.0,-1.0,-0.704,0.0,0.0,0.0,0.0,-1.0,-1.0,-1.0,0.0,0.0,0.0,0.0,-1.0,0.0,0.0,0.0,0.0,0.0,0.0
0.0,0.0,0.0,0.0,0.0,0.0,0.0,0.0,-1.0,-0.708,0.0,0.0,0.0,0.0,-1.0,-1.0,-1.0,0.0,0.0,0.0,0.0,-1.0,0.0,0.0,0.0,0.0,0.0,0.0
0.0,0.0,0.0,0.0,0.0,0.0,0.0,0.0,-1.0,-0.693,0.0,0.0,0.0,0.0,-1.0,-1.0,-1.0,0.0,0.0,0.0,0.0,-1.0,0.0,0.0,0.0,0.0,0.0,0.0
0.0,0.0,0.0,0.0,0.0,0.0,0.0,0.0,-1.0,-0.669,0.0,0.0,0.0,0.0,-1.0,-1.0,-1.0,0.0,0.0,0.0,0.0,-1.0,0.0,0.0,0.0,0.0,0.0,0.0
0.0,0.0,0.0,0.0,0.0,0.0,0.0,0.0,-1.0,-0.696,0.0,0.0,0.0,0.0,-1.0,-1.0,-1.0,0.0,0.0,0.0,0.0,-1.0,0.0,0.0,0.0,0.0,0.0,0.0
0.0,0.0,0.0,0.0,0.0,0.0,0.0,0.0,-1.0,-0.689,0.0,0.0,0.0,0.0,-1.0,-1.0,-1.0,0.0,0.0,0.0,0.0,-1.0,0.0,0.0,0.0,0.0,0.0,0.0
0.0,0.0,0.0,0.0,0.0,0.0,0.0,0.0,-1.0,-0.695,0.0,0.0,0.0,0.0,-1.0,-1.0,-1.0,0.0,0.0,0.0,0.0,-1.0,0.0,0.0,0.0,0.0,0.0,0.0
0.0,0.0,0.0,0.0,0.0,0.0,0.0,0.0,-1.0,-0.68,0.0,0.0,0.0,0.0,-1.0,-1.0,-1.0,0.0,0.0,0.0,0.0,-1.0,0.0,0.0,0.0,0.0,0.0,0.0
0.0,0.0,0.0,0.0,0.0,0.0,0.0,0.0,-1.0,-0.717,0.0,0.0,0.0,0.0,-1.0,-1.0,-1.0,0.0,0.0,0.0,0.0,-1.0,0.0,0.0,0.0,0.0,0.0,0.0
0.0,0.0,0.0,0.0,0.0,0.0,0.0,0.0,-1.0,-0.683,0.0,0.0,0.0,0.0,-1.0,-1.0,-1.0,0.0,0.0,0.0,0.0,-1.0,0.0,0.0,0.0,0.0,0.0,0.0
0.0,0.0,0.0,0.0,0.0,0.0,0.0,0.0,-1.0,-0.684,0.0,0.0,0.0,0.0,-1.0,-1.0,-1.0,0.0,0.0,0.0,0.0,-1.0,0.0,0.0,0.0,0.0,0.0,0.0
0.0,0.0,0.0,0.0,0.0,0.0,0.0,0.0,-1.0,-0.683,0.0,0.0,0.0,0.0,-1.0,-1.0,-1.0,0.0,0.0,0.0,0.0,-1.0,0.0,0.0,0.0,0.0,0.0,0.0
0.0,0.0,0.0,0.0,0.0,0.0,0.0,0.0,-1.0,-0.705,0.0,0.0,0.0,0.0,-1.0,-1.0,-1.0,0.0,0.0,0.0,0.0,-1.0,0.0,0.0,0.0,0.0,0.0,0.0
0.0,0.0,0.0,0.0,0.0,0.0,0.0,0.0,-1.0,-0.689,0.0,0.0,0.0,0.0,-1.0,-1.0,-1.0,0.0,0.0,0.0,0.0,-1.0,0.0,0.0,0.0,0.0,0.0,0.0
0.0,0.0,0.0,0.0,0.0,0.0,0.0,0.0,-1.0,-0.673,0.0,0.0,0.0,0.0,-1.0,-1.0,-1.0,0.0,0.0,0.0,0.0,-1.0,0.0,0.0,0.0,0.0,0.0,0.0
0.0,0.0,0.0,0.0,0.0,0.0,0.0,0.0,-1.0,-0.693,0.0,0.0,0.0,0.0,-1.0,-1.0,-1.0,0.0,0.0,0.0,0.0,-1.0,0.0,0.0,0.0,0.0,0.0,0.0
0.0,0.0,0.0,0.0,0.0,0.0,0.0,0.0,-1.0,-0.681,0.0,0.0,0.0,0.0,-1.0,-1.0,-1.0,0.0,0.0,0.0,0.0,-1.0,0.0,0.0,0.0,0.0,0.0,0.0
0.0,0.0,0.0,0.0,0.0,0.0,0.0,0.0,-1.0,-0.694,0.0,0.0,0.0,0.0,-1.0,-1.0,-1.0,0.0,0.0,0.0,0.0,-1.0,0.0,0.0,0.0,0.0,0.0,0.0
0.0,0.0,0.0,0.0,0.0,0.0,0.0,0.0,-1.0,-0.677,0.0,0.0,0.0,0.0,-1.0,-1.0,-1.0,0.0,0.0,0.0,0.0,-1.0,0.0,0.0,0.0,0.0,0.0,0.0
0.0,0.0,0.0,0.0,0.0,0.0,0.0,0.0,-1.0,-0.712,0.0,0.0,0.0,0.0,-1.0,-1.0,-1.0,0.0,0.0,0.0,0.0,-1.0,0.0,0.0,0.0,0.0,0.0,0.0
0.0,0.0,0.0,0.0,0.0,0.0,0.0,0.0,-1.0,-0.686,0.0,0.0,0.0,0.0,-1.0,-1.0,-1.0,0.0,0.0,0.0,0.0,-1.0,0.0,0.0,0.0,0.0,0.0,0.0
0.0,0.0,0.0,0.0,0.0,0.0,0.0,0.0,-1.0,-0.671,0.0,0.0,0.0,0.0,-1.0,-1.0,-1.0,0.0,0.0,0.0,0.0,-1.0,0.0,0.0,0.0,0.0,0.0,0.0
0.0,0.0,0.0,0.0,0.0,0.0,0.0,0.0,-1.0,-0.712,0.0,0.0,0.0,0.0,-1.0,-1.0,-1.0,0.0,0.0,0.0,0.0,-1.0,0.0,0.0,0.0,0.0,0.0,0.0
0.0,0.0,0.0,0.0,0.0,0.0,0.0,0.0,-1.0,-0.692,0.0,0.0,0.0,0.0,-1.0,-1.0,-1.0,0.0,0.0,0.0,0.0,-1.0,0.0,0.0,0.0,0.0,0.0,0.0
0.0,0.0,0.0,0.0,0.0,0.0,0.0,0.0,-1.0,-0.699,0.0,0.0,0.0,0.0,-1.0,-1.0,-1.0,0.0,0.0,0.0,0.0,-1.0,0.0,0.0,0.0,0.0,0.0,0.0
0.0,0.0,0.0,0.0,0.0,0.0,0.0,0.0,-1.0,-0.697,0.0,0.0,0.0,0.0,-1.0,-1.0,-1.0,0.0,0.0,0.0,0.0,-1.0,0.0,0.0,0.0,0.0,0.0,0.0
0.0,0.0,0.0,0.0,0.0,0.0,0.0,0.0,-1.0,-0.675,0.0,0.0,0.0,0.0,-1.0,-1.0,-1.0,0.0,0.0,0.0,0.0,-1.0,0.0,0.0,0.0,0.0,0.0,0.0
0.0,0.0,0.0,0.0,0.0,0.0,0.0,0.0,-1.0,-0.686,0.0,0.0,0.0,0.0,-1.0,-1.0,-1.0,0.0,0.0,0.0,0.0,-1.0,0.0,0.0,0.0,0.0,0.0,0.0
0.0,0.0,0.0,0.0,0.0,0.0,0.0,0.0,-1.0,-0.7,0.0,0.0,0.0,0.0,-1.0,-1.0,-1.0,0.0,0.0,0.0,0.0,-1.0,0.0,0.0,0.0,0.0,0.0,0.0
0.0,0.0,0.0,0.0,0.0,0.0,0.0,0.0,-1.0,-0.69,0.0,0.0,0.0,0.0,-1.0,-1.0,-1.0,0.0,0.0,0.0,0.0,-1.0,0.0,0.0,0.0,0.0,0.0,0.0
0.0,0.0,0.0,0.0,0.0,0.0,0.0,0.0,-1.0,-0.682,0.0,0.0,0.0,0.0,-1.0,-1.0,-1.0,0.0,0.0,0.0,0.0,-1.0,0.0,0.0,0.0,0.0,0.0,0.0
0.0,0.0,0.0,0.0,0.0,0.0,0.0,0.0,-1.0,-0.681,0.0,0.0,0.0,0.0,-1.0,-1.0,-1.0,0.0,0.0,0.0,0.0,-1.0,0.0,0.0,0.0,0.0,0.0,0.0
0.0,0.0,0.0,0.0,0.0,0.0,0.0,0.0,-1.0,-0.657,0.0,0.0,0.0,0.0,-1.0,-1.0,-1.0,0.0,0.0,0.0,0.0,-1.0,0.0,0.0,0.0,0.0,0.0,0.0
0.0,0.0,0.0,0.0,0.0,0.0,0.0,0.0,-1.0,-0.7,0.0,0.0,0.0,0.0,-1.0,-1.0,-1.0,0.0,0.0,0.0,0.0,-1.0,0.0,0.0,0.0,0.0,0.0,0.0
0.0,0.0,0.0,0.0,0.0,0.0,0.0,0.0,-1.0,-0.679,0.0,0.0,0.0,0.0,-1.0,-1.0,-1.0,0.0,0.0,0.0,0.0,-1.0,0.0,0.0,0.0,0.0,0.0,0.0
0.0,0.0,0.0,0.0,0.0,0.0,0.0,0.0,-1.0,-0.696,0.0,0.0,0.0,0.0,-1.0,-1.0,-1.0,0.0,0.0,0.0,0.0,-1.0,0.0,0.0,0.0,0.0,0.0,0.0
0.0,0.0,0.0,0.0,0.0,0.0,0.0,0.0,-1.0,-0.704,0.0,0.0,0.0,0.0,-1.0,-1.0,-1.0,0.0,0.0,0.0,0.0,-1.0,0.0,0.0,0.0,0.0,0.0,0.0
0.0,0.0,0.0,0.0,0.0,0.0,0.0,0.0,-1.0,-0.679,0.0,0.0,0.0,0.0,-1.0,-1.0,-1.0,0.0,0.0,0.0,0.0,-1.0,0.0,0.0,0.0,0.0,0.0,0.0
0.0,0.0,0.0,0.0,0.0,0.0,0.0,0.0,-1.0,-0.665,0.0,0.0,0.0,0.0,-1.0,-1.0,-1.0,0.0,0.0,0.0,0.0,-1.0,0.0,0.0,0.0,0.0,0.0,0.0
0.0,0.0,0.0,0.0,0.0,0.0,0.0,0.0,-1.0,-0.7,0.0,0.0,0.0,0.0,-1.0,-1.0,-1.0,0.0,0.0,0.0,0.0,-1.0,0.0,0.0,0.0,0.0,0.0,0.0
0.0,0.0,0.0,0.0,0.0,0.0,0.0,0.0,-1.0,-0.694,0.0,0.0,0.0,0.0,-1.0,-1.0,-1.0,0.0,0.0,0.0,0.0,-1.0,0.0,0.0,0.0,0.0,0.0,0.0
0.0,0.0,0.0,0.0,0.0,0.0,0.0,0.0,-1.0,-0.645,0.0,0.0,0.0,0.0,-1.0,-1.0,-1.0,0.0,0.0,0.0,0.0,-1.0,0.0,0.0,0.0,0.0,0.0,0.0
0.0,0.0,0.0,0.0,0.0,0.0,0.0,0.0,-1.0,-0.699,0.0,0.0,0.0,0.0,-1.0,-1.0,-1.0,0.0,0.0,0.0,0.0,-1.0,0.0,0.0,0.0,0.0,0.0,0.0
0.0,0.0,0.0,0.0,0.0,0.0,0.0,0.0,-1.0,-0.672,0.0,0.0,0.0,0.0,-1.0,-1.0,-1.0,0.0,0.0,0.0,0.0,-1.0,0.0,0.0,0.0,0.0,0.0,0.0
0.0,0.0,0.0,0.0,0.0,0.0,0.0,0.0,-1.0,-0.719,0.0,0.0,0.0,0.0,-1.0,-1.0,-1.0,0.0,0.0,0.0,0.0,-1.0,0.0,0.0,0.0,0.0,0.0,0.0
0.0,0.0,0.0,0.0,0.0,0.0,0.0,0.0,-1.0,-0.701,0.0,0.0,0.0,0.0,-1.0,-1.0,-1.0,0.0,0.0,0.0,0.0,-1.0,0.0,0.0,0.0,0.0,0.0,0.0
0.0,0.0,0.0,0.0,0.0,0.0,0.0,0.0,-1.0,-0.681,0.0,0.0,0.0,0.0,-1.0,-1.0,-1.0,0.0,0.0,0.0,0.0,-1.0,0.0,0.0,0.0,0.0,0.0,0.0
0.0,0.0,0.0,0.0,0.0,0.0,0.0,0.0,-1.0,-0.677,0.0,0.0,0.0,0.0,-1.0,-1.0,-1.0,0.0,0.0,0.0,0.0,-1.0,0.0,0.0,0.0,0.0,0.0,0.0
0.0,0.0,0.0,0.0,0.0,0.0,0.0,0.0,-1.0,-0.693,0.0,0.0,0.0,0.0,-1.0,-1.0,-1.0,0.0,0.0,0.0,0.0,-1.0,0.0,0.0,0.0,0.0,0.0,0.0
0.0,0.0,0.0,0.0,0.0,0.0,0.0,0.0,-1.0,-0.664,0.0,0.0,0.0,0.0,-1.0,-1.0,-1.0,0.0,0.0,0.0,0.0,-1.0,0.0,0.0,0.0,0.0,0.0,0.0
0.0,0.0,0.0,0.0,0.0,0.0,0.0,0.0,-1.0,-0.696,0.0,0.0,0.0,0.0,-1.0,-1.0,-1.0,0.0,0.0,0.0,0.0,-1.0,0.0,0.0,0.0,0.0,0.0,0.0
0.0,0.0,0.0,0.0,0.0,0.0,0.0,0.0,-1.0,-0.692,0.0,0.0,0.0,0.0,-1.0,-1.0,-1.0,0.0,0.0,0.0,0.0,-1.0,0.0,0.0,0.0,0.0,0.0,0.0
0.0,0.0,0.0,0.0,0.0,0.0,0.0,0.0,-1.0,-0.657,0.0,0.0,0.0,0.0,-1.0,-1.0,-1.0,0.0,0.0,0.0,0.0,-1.0,0.0,0.0,0.0,0.0,0.0,0.0
0.0,0.0,0.0,0.0,0.0,0.0,0.0,0.0,-1.0,-0.707,0.0,0.0,0.0,0.0,-1.0,-1.0,-1.0,0.0,0.0,0.0,0.0,-1.0,0.0,0.0,0.0,0.0,0.0,0.0
0.0,0.0,0.0,0.0,0.0,0.0,0.0,0.0,-1.0,-0.695,0.0,0.0,0.0,0.0,-1.0,-1.0,-1.0,0.0,0.0,0.0,0.0,-1.0,0.0,0.0,0.0,0.0,0.0,0.0
0.0,0.0,0.0,0.0,0.0,0.0,0.0,0.0,-1.0,-0.68,0.0,0.0,0.0,0.0,-1.0,-1.0,-1.0,0.0,0.0,0.0,0.0,-1.0,0.0,0.0,0.0,0.0,0.0,0.0
0.0,0.0,0.0,0.0,0.0,0.0,0.0,0.0,-1.0,-0.669,0.0,0.0,0.0,0.0,-1.0,-1.0,-1.0,0.0,0.0,0.0,0.0,-1.0,0.0,0.0,0.0,0.0,0.0,0.0
0.0,0.0,0.0,0.0,0.0,0.0,0.0,0.0,-1.0,-0.688,0.0,0.0,0.0,0.0,-1.0,-1.0,-1.0,0.0,0.0,0.0,0.0,-1.0,0.0,0.0,0.0,0.0,0.0,0.0
0.0,0.0,0.0,0.0,0.0,0.0,0.0,0.0,-1.0,-0.696,0.0,0.0,0.0,0.0,-1.0,-1.0,-1.0,0.0,0.0,0.0,0.0,-1.0,0.0,0.0,0.0,0.0,0.0,0.0
0.0,0.0,0.0,0.0,0.0,0.0,0.0,0.0,-1.0,-0.659,0.0,0.0,0.0,0.0,-1.0,-1.0,-1.0,0.0,0.0,0.0,0.0,-1.0,0.0,0.0,0.0,0.0,0.0,0.0
0.0,0.0,0.0,0.0,0.0,0.0,0.0,0.0,-1.0,-0.701,0.0,0.0,0.0,0.0,-1.0,-1.0,-1.0,0.0,0.0,0.0,0.0,-1.0,0.0,0.0,0.0,0.0,0.0,0.0
0.0,0.0,0.0,0.0,0.0,0.0,0.0,0.0,-1.0,-0.696,0.0,0.0,0.0,0.0,-1.0,-1.0,-1.0,0.0,0.0,0.0,0.0,-1.0,0.0,0.0,0.0,0.0,0.0,0.0
0.0,0.0,0.0,0.0,0.0,0.0,0.0,0.0,-1.0,-0.717,0.0,0.0,0.0,0.0,-1.0,-1.0,-1.0,0.0,0.0,0.0,0.0,-1.0,0.0,0.0,0.0,0.0,0.0,0.0
0.0,0.0,0.0,0.0,0.0,0.0,0.0,0.0,-1.0,-0.701,0.0,0.0,0.0,0.0,-1.0,-1.0,-1.0,0.0,0.0,0.0,0.0,-1.0,0.0,0.0,0.0,0.0,0.0,0.0
0.0,0.0,0.0,0.0,0.0,0.0,0.0,0.0,-1.0,-0.67,0.0,0.0,0.0,0.0,-1.0,-1.0,-1.0,0.0,0.0,0.0,0.0,-1.0,0.0,0.0,0.0,0.0,0.0,0.0
0.0,0.0,0.0,0.0,0.0,0.0,0.0,0.0,-1.0,-0.687,0.0,0.0,0.0,0.0,-1.0,-1.0,-1.0,0.0,0.0,0.0,0.0,-1.0,0.0,0.0,0.0,0.0,0.0,0.0
0.0,0.0,0.0,0.0,0.0,0.0,0.0,0.0,-1.0,-0.689,0.0,0.0,0.0,0.0,-1.0,-1.0,-1.0,0.0,0.0,0.0,0.0,-1.0,0.0,0.0,0.0,0.0,0.0,0.0
0.0,0.0,0.0,0.0,0.0,0.0,0.0,0.0,-1.0,-0.662,0.0,0.0,0.0,0.0,-1.0,-1.0,-1.0,0.0,0.0,0.0,0.0,-1.0,0.0,0.0,0.0,0.0,0.0,0.0
0.0,0.0,0.0,0.0,0.0,0.0,0.0,0.0,-1.0,-0.688,0.0,0.0,0.0,0.0,-1.0,-1.0,-1.0,0.0,0.0,0.0,0.0,-1.0,0.0,0.0,0.0,0.0,0.0,0.0
0.0,0.0,0.0,0.0,0.0,0.0,0.0,0.0,-1.0,-0.666,0.0,0.0,0.0,0.0,-1.0,-1.0,-1.0,0.0,0.0,0.0,0.0,-1.0,0.0,0.0,0.0,0.0,0.0,0.0
0.0,0.0,0.0,0.0,0.0,0.0,0.0,0.0,-1.0,-0.685,0.0,0.0,0.0,0.0,-1.0,-1.0,-1.0,0.0,0.0,0.0,0.0,-1.0,0.0,0.0,0.0,0.0,0.0,0.0
0.0,0.0,0.0,0.0,0.0,0.0,0.0,0.0,-1.0,-0.702,0.0,0.0,0.0,0.0,-1.0,-1.0,-1.0,0.0,0.0,0.0,0.0,-1.0,0.0,0.0,0.0,0.0,0.0,0.0
0.0,0.0,0.0,0.0,0.0,0.0,0.0,0.0,-1.0,-0.678,0.0,0.0,0.0,0.0,-1.0,-1.0,-1.0,0.0,0.0,0.0,0.0,-1.0,0.0,0.0,0.0,0.0,0.0,0.0
0.0,0.0,0.0,0.0,0.0,0.0,0.0,0.0,-1.0,-0.667,0.0,0.0,0.0,0.0,-1.0,-1.0,-1.0,0.0,0.0,0.0,0.0,-1.0,0.0,0.0,0.0,0.0,0.0,0.0
0.0,0.0,0.0,0.0,0.0,0.0,0.0,0.0,-1.0,-0.678,0.0,0.0,0.0,0.0,-1.0,-1.0,-1.0,0.0,0.0,0.0,0.0,-1.0,0.0,0.0,0.0,0.0,0.0,0.0
0.0,0.0,0.0,0.0,0.0,0.0,0.0,0.0,-1.0,-0.691,0.0,0.0,0.0,0.0,-1.0,-1.0,-1.0,0.0,0.0,0.0,0.0,-1.0,0.0,0.0,0.0,0.0,0.0,0.0
0.0,0.0,0.0,0.0,0.0,0.0,0.0,0.0,-1.0,-0.679,0.0,0.0,0.0,0.0,-1.0,-1.0,-1.0,0.0,0.0,0.0,0.0,-1.0,0.0,0.0,0.0,0.0,0.0,0.0
0.0,0.0,0.0,0.0,0.0,0.0,0.0,0.0,-1.0,-0.702,0.0,0.0,0.0,0.0,-1.0,-1.0,-1.0,0.0,0.0,0.0,0.0,-1.0,0.0,0.0,0.0,0.0,0.0,0.0
0.0,0.0,0.0,0.0,0.0,0.0,0.0,0.0,-1.0,-0.69,0.0,0.0,0.0,0.0,-1.0,-1.0,-1.0,0.0,0.0,0.0,0.0,-1.0,0.0,0.0,0.0,0.0,0.0,0.0
0.0,0.0,0.0,0.0,0.0,0.0,0.0,0.0,-1.0,-0.676,0.0,0.0,0.0,0.0,-1.0,-1.0,-1.0,0.0,0.0,0.0,0.0,-1.0,0.0,0.0,0.0,0.0,0.0,0.0
0.0,0.0,0.0,0.0,0.0,0.0,0.0,0.0,-1.0,-0.67,0.0,0.0,0.0,0.0,-1.0,-1.0,-1.0,0.0,0.0,0.0,0.0,-1.0,0.0,0.0,0.0,0.0,0.0,0.0
0.0,0.0,0.0,0.0,0.0,0.0,0.0,0.0,-1.0,-0.697,0.0,0.0,0.0,0.0,-1.0,-1.0,-1.0,0.0,0.0,0.0,0.0,-1.0,0.0,0.0,0.0,0.0,0.0,0.0
0.0,0.0,0.0,0.0,0.0,0.0,0.0,0.0,-1.0,-0.663,0.0,0.0,0.0,0.0,-1.0,-1.0,-1.0,0.0,0.0,0.0,0.0,-1.0,0.0,0.0,0.0,0.0,0.0,0.0
0.0,0.0,0.0,0.0,0.0,0.0,0.0,0.0,-1.0,-0.698,0.0,0.0,0.0,0.0,-1.0,-1.0,-1.0,0.0,0.0,0.0,0.0,-1.0,0.0,0.0,0.0,0.0,0.0,0.0
0.0,0.0,0.0,0.0,0.0,0.0,0.0,0.0,-1.0,-0.69,0.0,0.0,0.0,0.0,-1.0,-1.0,-1.0,0.0,0.0,0.0,0.0,-1.0,0.0,0.0,0.0,0.0,0.0,0.0
0.0,0.0,0.0,0.0,0.0,0.0,0.0,0.0,-1.0,-0.691,0.0,0.0,0.0,0.0,-1.0,-1.0,-1.0,0.0,0.0,0.0,0.0,-1.0,0.0,0.0,0.0,0.0,0.0,0.0
0.0,0.0,0.0,0.0,0.0,0.0,0.0,0.0,-1.0,-0.684,0.0,0.0,0.0,0.0,-1.0,-1.0,-1.0,0.0,0.0,0.0,0.0,-1.0,0.0,0.0,0.0,0.0,0.0,0.0
0.0,0.0,0.0,0.0,0.0,0.0,0.0,0.0,-1.0,-0.684,0.0,0.0,0.0,0.0,-1.0,-1.0,-1.0,0.0,0.0,0.0,0.0,-1.0,0.0,0.0,0.0,0.0,0.0,0.0
0.0,0.0,0.0,0.0,0.0,0.0,0.0,0.0,-1.0,-0.683,0.0,0.0,0.0,0.0,-1.0,-1.0,-1.0,0.0,0.0,0.0,0.0,-1.0,0.0,0.0,0.0,0.0,0.0,0.0
0.0,0.0,0.0,0.0,0.0,0.0,0.0,0.0,-1.0,-0.694,0.0,0.0,0.0,0.0,-1.0,-1.0,-1.0,0.0,0.0,0.0,0.0,-1.0,0.0,0.0,0.0,0.0,0.0,0.0
0.0,0.0,0.0,0.0,0.0,0.0,0.0,0.0,-1.0,-0.682,0.0,0.0,0.0,0.0,-1.0,-1.0,-1.0,0.0,0.0,0.0,0.0,-1.0,0.0,0.0,0.0,0.0,0.0,0.0
0.0,0.0,0.0,0.0,0.0,0.0,0.0,0.0,-1.0,-0.692,0.0,0.0,0.0,0.0,-1.0,-1.0,-1.0,0.0,0.0,0.0,0.0,-1.0,0.0,0.0,0.0,0.0,0.0,0.0
0.0,0.0,0.0,0.0,0.0,0.0,0.0,0.0,-1.0,-0.704,0.0,0.0,0.0,0.0,-1.0,-1.0,-1.0,0.0,0.0,0.0,0.0,-1.0,0.0,0.0,0.0,0.0,0.0,0.0
0.0,0.0,0.0,0.0,0.0,0.0,0.0,0.0,-1.0,-0.68,0.0,0.0,0.0,0.0,-1.0,-1.0,-1.0,0.0,0.0,0.0,0.0,-1.0,0.0,0.0,0.0,0.0,0.0,0.0
0.0,0.0,0.0,0.0,0.0,0.0,0.0,0.0,-1.0,-0.671,0.0,0.0,0.0,0.0,-1.0,-1.0,-1.0,0.0,0.0,0.0,0.0,-1.0,0.0,0.0,0.0,0.0,0.0,0.0
0.0,0.0,0.0,0.0,0.0,0.0,0.0,0.0,-1.0,-0.7,0.0,0.0,0.0,0.0,-1.0,-1.0,-1.0,0.0,0.0,0.0,0.0,-1.0,0.0,0.0,0.0,0.0,0.0,0.0
0.0,0.0,0.0,0.0,0.0,0.0,0.0,0.0,-1.0,-0.681,0.0,0.0,0.0,0.0,-1.0,-1.0,-1.0,0.0,0.0,0.0,0.0,-1.0,0.0,0.0,0.0,0.0,0.0,0.0
0.0,0.0,0.0,0.0,0.0,0.0,0.0,0.0,-1.0,-0.691,0.0,0.0,0.0,0.0,-1.0,-1.0,-1.0,0.0,0.0,0.0,0.0,-1.0,0.0,0.0,0.0,0.0,0.0,0.0
0.0,0.0,0.0,0.0,0.0,0.0,0.0,0.0,-1.0,-0.659,0.0,0.0,0.0,0.0,-1.0,-1.0,-1.0,0.0,0.0,0.0,0.0,-1.0,0.0,0.0,0.0,0.0,0.0,0.0
0.0,0.0,0.0,0.0,0.0,0.0,0.0,0.0,-1.0,-0.678,0.0,0.0,0.0,0.0,-1.0,-1.0,-1.0,0.0,0.0,0.0,0.0,-1.0,0.0,0.0,0.0,0.0,0.0,0.0
0.0,0.0,0.0,0.0,0.0,0.0,0.0,0.0,-1.0,-0.68,0.0,0.0,0.0,0.0,-1.0,-1.0,-1.0,0.0,0.0,0.0,0.0,-1.0,0.0,0.0,0.0,0.0,0.0,0.0
0.0,0.0,0.0,0.0,0.0,0.0,0.0,0.0,-1.0,-0.663,0.0,0.0,0.0,0.0,-1.0,-1.0,-1.0,0.0,0.0,0.0,0.0,-1.0,0.0,0.0,0.0,0.0,0.0,0.0
0.0,0.0,0.0,0.0,0.0,0.0,0.0,0.0,-1.0,-0.708,0.0,0.0,0.0,0.0,-1.0,-1.0,-1.0,0.0,0.0,0.0,0.0,-1.0,0.0,0.0,0.0,0.0,0.0,0.0
0.0,0.0,0.0,0.0,0.0,0.0,0.0,0.0,-1.0,-0.674,0.0,0.0,0.0,0.0,-1.0,-1.0,-1.0,0.0,0.0,0.0,0.0,-1.0,0.0,0.0,0.0,0.0,0.0,0.0
0.0,0.0,0.0,0.0,0.0,0.0,0.0,0.0,-1.0,-0.681,0.0,0.0,0.0,0.0,-1.0,-1.0,-1.0,0.0,0.0,0.0,0.0,-1.0,0.0,0.0,0.0,0.0,0.0,0.0
0.0,0.0,0.0,0.0,0.0,0.0,0.0,0.0,-1.0,-0.675,0.0,0.0,0.0,0.0,-1.0,-1.0,-1.0,0.0,0.0,0.0,0.0,-1.0,0.0,0.0,0.0,0.0,0.0,0.0
0.0,0.0,0.0,0.0,0.0,0.0,0.0,0.0,-1.0,-0.72,0.0,0.0,0.0,0.0,-1.0,-1.0,-1.0,0.0,0.0,0.0,0.0,-1.0,0.0,0.0,0.0,0.0,0.0,0.0
0.0,0.0,0.0,0.0,0.0,0.0,0.0,0.0,-1.0,-0.692,0.0,0.0,0.0,0.0,-1.0,-1.0,-1.0,0.0,0.0,0.0,0.0,-1.0,0.0,0.0,0.0,0.0,0.0,0.0
0.0,0.0,0.0,0.0,0.0,0.0,0.0,0.0,-1.0,-0.703,0.0,0.0,0.0,0.0,-1.0,-1.0,-1.0,0.0,0.0,0.0,0.0,-1.0,0.0,0.0,0.0,0.0,0.0,0.0
0.0,0.0,0.0,0.0,0.0,0.0,0.0,0.0,-1.0,-0.692,0.0,0.0,0.0,0.0,-1.0,-1.0,-1.0,0.0,0.0,0.0,0.0,-1.0,0.0,0.0,0.0,0.0,0.0,0.0
0.0,0.0,0.0,0.0,0.0,0.0,0.0,0.0,-1.0,-0.673,0.0,0.0,0.0,0.0,-1.0,-1.0,-1.0,0.0,0.0,0.0,0.0,-1.0,0.0,0.0,0.0,0.0,0.0,0.0
0.0,0.0,0.0,0.0,0.0,0.0,0.0,0.0,-1.0,-0.687,0.0,0.0,0.0,0.0,-1.0,-1.0,-1.0,0.0,0.0,0.0,0.0,-1.0,0.0,0.0,0.0,0.0,0.0,0.0
0.0,0.0,0.0,0.0,0.0,0.0,0.0,0.0,-1.0,-0.686,0.0,0.0,0.0,0.0,-1.0,-1.0,-1.0,0.0,0.0,0.0,0.0,-1.0,0.0,0.0,0.0,0.0,0.0,0.0
0.0,0.0,0.0,0.0,0.0,0.0,0.0,0.0,-1.0,-0.686,0.0,0.0,0.0,0.0,-1.0,-1.0,-1.0,0.0,0.0,0.0,0.0,-1.0,0.0,0.0,0.0,0.0,0.0,0.0
0.0,0.0,0.0,0.0,0.0,0.0,0.0,0.0,-1.0,-0.708,0.0,0.0,0.0,0.0,-1.0,-1.0,-1.0,0.0,0.0,0.0,0.0,-1.0,0.0,0.0,0.0,0.0,0.0,0.0
0.0,0.0,0.0,0.0,0.0,0.0,0.0,0.0,-1.0,-0.687,0.0,0.0,0.0,0.0,-1.0,-1.0,-1.0,0.0,0.0,0.0,0.0,-1.0,0.0,0.0,0.0,0.0,0.0,0.0
0.0,0.0,0.0,0.0,0.0,0.0,0.0,0.0,-1.0,-0.692,0.0,0.0,0.0,0.0,-1.0,-1.0,-1.0,0.0,0.0,0.0,0.0,-1.0,0.0,0.0,0.0,0.0,0.0,0.0
0.0,0.0,0.0,0.0,0.0,0.0,0.0,0.0,-1.0,-0.684,0.0,0.0,0.0,0.0,-1.0,-1.0,-1.0,0.0,0.0,0.0,0.0,-1.0,0.0,0.0,0.0,0.0,0.0,0.0
0.0,0.0,0.0,0.0,0.0,0.0,0.0,0.0,-1.0,-0.698,0.0,0.0,0.0,0.0,-1.0,-1.0,-1.0,0.0,0.0,0.0,0.0,-1.0,0.0,0.0,0.0,0.0,0.0,0.0
0.0,0.0,0.0,0.0,0.0,0.0,0.0,0.0,-1.0,-0.662,0.0,0.0,0.0,0.0,-1.0,-1.0,-1.0,0.0,0.0,0.0,0.0,-1.0,0.0,0.0,0.0,0.0,0.0,0.0
0.0,0.0,0.0,0.0,0.0,0.0,0.0,0.0,-1.0,-0.691,0.0,0.0,0.0,0.0,-1.0,-1.0,-1.0,0.0,0.0,0.0,0.0,-1.0,0.0,0.0,0.0,0.0,0.0,0.0
0.0,0.0,0.0,0.0,0.0,0.0,0.0,0.0,-1.0,-0.715,0.0,0.0,0.0,0.0,-1.0,-1.0,-1.0,0.0,0.0,0.0,0.0,-1.0,0.0,0.0,0.0,0.0,0.0,0.0
0.0,0.0,0.0,0.0,0.0,0.0,0.0,0.0,-1.0,-0.684,0.0,0.0,0.0,0.0,-1.0,-1.0,-1.0,0.0,0.0,0.0,0.0,-1.0,0.0,0.0,0.0,0.0,0.0,0.0
0.0,0.0,0.0,0.0,0.0,0.0,0.0,0.0,-1.0,-0.682,0.0,0.0,0.0,0.0,-1.0,-1.0,-1.0,0.0,0.0,0.0,0.0,-1.0,0.0,0.0,0.0,0.0,0.0,0.0
0.0,0.0,0.0,0.0,0.0,0.0,0.0,0.0,-1.0,-0.679,0.0,0.0,0.0,0.0,-1.0,-1.0,-1.0,0.0,0.0,0.0,0.0,-1.0,0.0,0.0,0.0,0.0,0.0,0.0
0.0,0.0,0.0,0.0,0.0,0.0,0.0,0.0,-1.0,-0.708,0.0,0.0,0.0,0.0,-1.0,-1.0,-1.0,0.0,0.0,0.0,0.0,-1.0,0.0,0.0,0.0,0.0,0.0,0.0
0.0,0.0,0.0,0.0,0.0,0.0,0.0,0.0,-1.0,-0.669,0.0,0.0,0.0,0.0,-1.0,-1.0,-1.0,0.0,0.0,0.0,0.0,-1.0,0.0,0.0,0.0,0.0,0.0,0.0
0.0,0.0,0.0,0.0,0.0,0.0,0.0,0.0,-1.0,-0.699,0.0,0.0,0.0,0.0,-1.0,-1.0,-1.0,0.0,0.0,0.0,0.0,-1.0,0.0,0.0,0.0,0.0,0.0,0.0
0.0,0.0,0.0,0.0,0.0,0.0,0.0,0.0,-1.0,-0.676,0.0,0.0,0.0,0.0,-1.0,-1.0,-1.0,0.0,0.0,0.0,0.0,-1.0,0.0,0.0,0.0,0.0,0.0,0.0
0.0,0.0,0.0,0.0,0.0,0.0,0.0,0.0,-1.0,-0.686,0.0,0.0,0.0,0.0,-1.0,-1.0,-1.0,0.0,0.0,0.0,0.0,-1.0,0.0,0.0,0.0,0.0,0.0,0.0
0.0,0.0,0.0,0.0,0.0,0.0,0.0,0.0,-1.0,-0.699,0.0,0.0,0.0,0.0,-1.0,-1.0,-1.0,0.0,0.0,0.0,0.0,-1.0,0.0,0.0,0.0,0.0,0.0,0.0
0.0,0.0,0.0,0.0,0.0,0.0,0.0,0.0,-1.0,-0.687,0.0,0.0,0.0,0.0,-1.0,-1.0,-1.0,0.0,0.0,0.0,0.0,-1.0,0.0,0.0,0.0,0.0,0.0,0.0
0.0,0.0,0.0,0.0,0.0,0.0,0.0,0.0,-1.0,-0.665,0.0,0.0,0.0,0.0,-1.0,-1.0,-1.0,0.0,0.0,0.0,0.0,-1.0,0.0,0.0,0.0,0.0,0.0,0.0
0.0,0.0,0.0,0.0,0.0,0.0,0.0,0.0,-1.0,-0.686,0.0,0.0,0.0,0.0,-1.0,-1.0,-1.0,0.0,0.0,0.0,0.0,-1.0,0.0,0.0,0.0,0.0,0.0,0.0
0.0,0.0,0.0,0.0,0.0,0.0,0.0,0.0,-1.0,-0.672,0.0,0.0,0.0,0.0,-1.0,-1.0,-1.0,0.0,0.0,0.0,0.0,-1.0,0.0,0.0,0.0,0.0,0.0,0.0
0.0,0.0,0.0,0.0,0.0,0.0,0.0,0.0,-1.0,-0.718,0.0,0.0,0.0,0.0,-1.0,-1.0,-1.0,0.0,0.0,0.0,0.0,-1.0,0.0,0.0,0.0,0.0,0.0,0.0
0.0,0.0,-1.0,-1.0,0.0,0.0,0.0,0.0,-1.0,-0.649,-1.0,0.0,0.0,0.0,0.0,0.0,0.0,-1.0,-1.0,-1.0,0.0,-1.0,0.0,0.0,0.0,0.0,0.0,0.0
0.0,0.0,-1.0,-1.0,0.0,0.0,0.0,0.0,-1.0,-0.699,-1.0,0.0,0.0,0.0,0.0,0.0,0.0,-1.0,-1.0,-1.0,0.0,-1.0,0.0,0.0,0.0,0.0,0.0,0.0
0.0,0.0,-1.0,-1.0,0.0,0.0,0.0,0.0,-1.0,-0.667,-1.0,0.0,0.0,0.0,0.0,0.0,0.0,-1.0,-1.0,-1.0,0.0,-1.0,0.0,0.0,0.0,0.0,0.0,0.0
0.0,0.0,-1.0,-1.0,0.0,0.0,0.0,0.0,-1.0,-0.713,-1.0,0.0,0.0,0.0,0.0,0.0,0.0,-1.0,-1.0,-1.0,0.0,-1.0,0.0,0.0,0.0,0.0,0.0,0.0
0.0,0.0,-1.0,-1.0,0.0,0.0,0.0,0.0,-1.0,-0.695,-1.0,0.0,0.0,0.0,0.0,0.0,0.0,-1.0,-1.0,-1.0,0.0,-1.0,0.0,0.0,0.0,0.0,0.0,0.0
0.0,0.0,-1.0,-1.0,0.0,0.0,0.0,0.0,-1.0,-0.68,-1.0,0.0,0.0,0.0,0.0,0.0,0.0,-1.0,-1.0,-1.0,0.0,-1.0,0.0,0.0,0.0,0.0,0.0,0.0
0.0,0.0,-1.0,-1.0,0.0,0.0,0.0,0.0,-1.0,-0.696,-1.0,0.0,0.0,0.0,0.0,0.0,0.0,-1.0,-1.0,-1.0,0.0,-1.0,0.0,0.0,0.0,0.0,0.0,0.0
0.0,0.0,-1.0,-1.0,0.0,0.0,0.0,0.0,-1.0,-0.663,-1.0,0.0,0.0,0.0,0.0,0.0,0.0,-1.0,-1.0,-1.0,0.0,-1.0,0.0,0.0,0.0,0.0,0.0,0.0
0.0,0.0,-1.0,-1.0,0.0,0.0,0.0,0.0,-1.0,-0.704,-1.0,0.0,0.0,0.0,0.0,0.0,0.0,-1.0,-1.0,-1.0,0.0,-1.0,0.0,0.0,0.0,0.0,0.0,0.0
0.0,0.0,-1.0,-1.0,0.0,0.0,0.0,0.0,-1.0,-0.673,-1.0,0.0,0.0,0.0,0.0,0.0,0.0,-1.0,-1.0,-1.0,0.0,-1.0,0.0,0.0,0.0,0.0,0.0,0.0
0.0,0.0,-1.0,-1.0,0.0,0.0,0.0,0.0,-1.0,-0.698,-1.0,0.0,0.0,0.0,0.0,0.0,0.0,-1.0,-1.0,-1.0,0.0,-1.0,0.0,0.0,0.0,0.0,0.0,0.0
0.0,0.0,-1.0,-1.0,0.0,0.0,0.0,0.0,-1.0,-0.69,-1.0,0.0,0.0,0.0,0.0,0.0,0.0,-1.0,-1.0,-1.0,0.0,-1.0,0.0,0.0,0.0,0.0,0.0,0.0
0.0,0.0,-1.0,-1.0,0.0,0.0,0.0,0.0,-1.0,-0.693,-1.0,0.0,0.0,0.0,0.0,0.0,0.0,-1.0,-1.0,-1.0,0.0,-1.0,0.0,0.0,0.0,0.0,0.0,0.0
0.0,0.0,-1.0,-1.0,0.0,0.0,0.0,0.0,-1.0,-0.677,-1.0,0.0,0.0,0.0,0.0,0.0,0.0,-1.0,-1.0,-1.0,0.0,-1.0,0.0,0.0,0.0,0.0,0.0,0.0
0.0,0.0,-1.0,-1.0,0.0,0.0,0.0,0.0,-1.0,-0.69,-1.0,0.0,0.0,0.0,0.0,0.0,0.0,-1.0,-1.0,-1.0,0.0,-1.0,0.0,0.0,0.0,0.0,0.0,0.0
0.0,0.0,-1.0,-1.0,0.0,0.0,0.0,0.0,-1.0,-0.674,-1.0,0.0,0.0,0.0,0.0,0.0,0.0,-1.0,-1.0,-1.0,0.0,-1.0,0.0,0.0,0.0,0.0,0.0,0.0
0.0,0.0,-1.0,-1.0,0.0,0.0,0.0,0.0,-1.0,-0.689,-1.0,0.0,0.0,0.0,0.0,0.0,0.0,-1.0,-1.0,-1.0,0.0,-1.0,0.0,0.0,0.0,0.0,0.0,0.0
0.0,0.0,-1.0,-1.0,0.0,0.0,0.0,0.0,-1.0,-0.671,-1.0,0.0,0.0,0.0,0.0,0.0,0.0,-1.0,-1.0,-1.0,0.0,-1.0,0.0,0.0,0.0,0.0,0.0,0.0
0.0,0.0,-1.0,-1.0,0.0,0.0,0.0,0.0,-1.0,-0.681,-1.0,0.0,0.0,0.0,0.0,0.0,0.0,-1.0,-1.0,-1.0,0.0,-1.0,0.0,0.0,0.0,0.0,0.0,0.0
0.0,0.0,-1.0,-1.0,0.0,0.0,0.0,0.0,-1.0,-0.68,-1.0,0.0,0.0,0.0,0.0,0.0,0.0,-1.0,-1.0,-1.0,0.0,-1.0,0.0,0.0,0.0,0.0,0.0,0.0
0.0,0.0,-1.0,-1.0,0.0,0.0,0.0,0.0,-1.0,-0.685,-1.0,0.0,0.0,0.0,0.0,0.0,0.0,-1.0,-1.0,-1.0,0.0,-1.0,0.0,0.0,0.0,0.0,0.0,0.0
0.0,0.0,-1.0,-1.0,0.0,0.0,0.0,0.0,-1.0,-0.682,-1.0,0.0,0.0,0.0,0.0,0.0,0.0,-1.0,-1.0,-1.0,0.0,-1.0,0.0,0.0,0.0,0.0,0.0,0.0
0.0,0.0,-1.0,-1.0,0.0,0.0,0.0,0.0,-1.0,-0.689,-1.0,0.0,0.0,0.0,0.0,0.0,0.0,-1.0,-1.0,-1.0,0.0,-1.0,0.0,0.0,0.0,0.0,0.0,0.0
0.0,0.0,-1.0,-1.0,0.0,0.0,0.0,0.0,-1.0,-0.687,-1.0,0.0,0.0,0.0,0.0,0.0,0.0,-1.0,-1.0,-1.0,0.0,-1.0,0.0,0.0,0.0,0.0,0.0,0.0
0.0,0.0,-1.0,-1.0,0.0,0.0,0.0,0.0,-1.0,-0.678,-1.0,0.0,0.0,0.0,0.0,0.0,0.0,-1.0,-1.0,-1.0,0.0,-1.0,0.0,0.0,0.0,0.0,0.0,0.0
0.0,0.0,-1.0,-1.0,0.0,0.0,0.0,0.0,-1.0,-0.678,-1.0,0.0,0.0,0.0,0.0,0.0,0.0,-1.0,-1.0,-1.0,0.0,-1.0,0.0,0.0,0.0,0.0,0.0,0.0
0.0,0.0,-1.0,-1.0,0.0,0.0,0.0,0.0,-1.0,-0.683,-1.0,0.0,0.0,0.0,0.0,0.0,0.0,-1.0,-1.0,-1.0,0.0,-1.0,0.0,0.0,0.0,0.0,0.0,0.0
0.0,0.0,-1.0,-1.0,0.0,0.0,0.0,0.0,-1.0,-0.68,-1.0,0.0,0.0,0.0,0.0,0.0,0.0,-1.0,-1.0,-1.0,0.0,-1.0,0.0,0.0,0.0,0.0,0.0,0.0
0.0,0.0,-1.0,-1.0,0.0,0.0,0.0,0.0,-1.0,-0.682,-1.0,0.0,0.0,0.0,0.0,0.0,0.0,-1.0,-1.0,-1.0,0.0,-1.0,0.0,0.0,0.0,0.0,0.0,0.0
0.0,0.0,-1.0,-1.0,0.0,0.0,0.0,0.0,-1.0,-0.679,-1.0,0.0,0.0,0.0,0.0,0.0,0.0,-1.0,-1.0,-1.0,0.0,-1.0,0.0,0.0,0.0,0.0,0.0,0.0
0.0,0.0,-1.0,-1.0,0.0,0.0,0.0,0.0,-1.0,-0.67,-1.0,0.0,0.0,0.0,0.0,0.0,0.0,-1.0,-1.0,-1.0,0.0,-1.0,0.0,0.0,0.0,0.0,0.0,0.0
0.0,0.0,-1.0,-1.0,0.0,0.0,0.0,0.0,-1.0,-0.695,-1.0,0.0,0.0,0.0,0.0,0.0,0.0,-1.0,-1.0,-1.0,0.0,-1.0,0.0,0.0,0.0,0.0,0.0,0.0
0.0,0.0,-1.0,-1.0,0.0,0.0,0.0,0.0,-1.0,-0.659,-1.0,0.0,0.0,0.0,0.0,0.0,0.0,-1.0,-1.0,-1.0,0.0,-1.0,0.0,0.0,0.0,0.0,0.0,0.0
0.0,0.0,-1.0,-1.0,0.0,0.0,0.0,0.0,-1.0,-0.696,-1.0,0.0,0.0,0.0,0.0,0.0,0.0,-1.0,-1.0,-1.0,0.0,-1.0,0.0,0.0,0.0,0.0,0.0,0.0
0.0,0.0,-1.0,-1.0,0.0,0.0,0.0,0.0,-1.0,-0.681,-1.0,0.0,0.0,0.0,0.0,0.0,0.0,-1.0,-1.0,-1.0,0.0,-1.0,0.0,0.0,0.0,0.0,0.0,0.0
0.0,0.0,-1.0,-1.0,0.0,0.0,0.0,0.0,-1.0,-0.712,-1.0,0.0,0.0,0.0,0.0,0.0,0.0,-1.0,-1.0,-1.0,0.0,-1.0,0.0,0.0,0.0,0.0,0.0,0.0
0.0,0.0,-1.0,-1.0,0.0,0.0,0.0,0.0,-1.0,-0.677,-1.0,0.0,0.0,0.0,0.0,0.0,0.0,-1.0,-1.0,-1.0,0.0,-1.0,0.0,0.0,0.0,0.0,0.0,0.0
0.0,0.0,-1.0,-1.0,0.0,0.0,0.0,0.0,-1.0,-0.698,-1.0,0.0,0.0,0.0,0.0,0.0,0.0,-1.0,-1.0,-1.0,0.0,-1.0,0.0,0.0,0.0,0.0,0.0,0.0
0.0,0.0,-1.0,-1.0,0.0,0.0,0.0,0.0,-1.0,-0.71,-1.0,0.0,0.0,0.0,0.0,0.0,0.0,-1.0,-1.0,-1.0,0.0,-1.0,0.0,0.0,0.0,0.0,0.0,0.0
0.0,0.0,-1.0,-1.0,0.0,0.0,0.0,0.0,-1.0,-0.659,-1.0,0.0,0.0,0.0,0.0,0.0,0.0,-1.0,-1.0,-1.0,0.0,-1.0,0.0,0.0,0.0,0.0,0.0,0.0
0.0,0.0,-1.0,-1.0,0.0,0.0,0.0,0.0,-1.0,-0.699,-1.0,0.0,0.0,0.0,0.0,0.0,0.0,-1.0,-1.0,-1.0,0.0,-1.0,0.0,0.0,0.0,0.0,0.0,0.0
0.0,0.0,-1.0,-1.0,0.0,0.0,0.0,0.0,-1.0,-0.648,-1.0,0.0,0.0,0.0,0.0,0.0,0.0,-1.0,-1.0,-1.0,0.0,-1.0,0.0,0.0,0.0,0.0,0.0,0.0
0.0,0.0,-1.0,-1.0,0.0,0.0,0.0,0.0,-1.0,-0.691,-1.0,0.0,0.0,0.0,0.0,0.0,0.0,-1.0,-1.0,-1.0,0.0,-1.0,0.0,0.0,0.0,0.0,0.0,0.0
0.0,0.0,-1.0,-1.0,0.0,0.0,0.0,0.0,-1.0,-0.691,-1.0,0.0,0.0,0.0,0.0,0.0,0.0,-1.0,-1.0,-1.0,0.0,-1.0,0.0,0.0,0.0,0.0,0.0,0.0
0.0,0.0,-1.0,-1.0,0.0,0.0,0.0,0.0,-1.0,-0.665,-1.0,0.0,0.0,0.0,0.0,0.0,0.0,-1.0,-1.0,-1.0,0.0,-1.0,0.0,0.0,0.0,0.0,0.0,0.0
0.0,0.0,-1.0,-1.0,0.0,0.0,0.0,0.0,-1.0,-0.674,-1.0,0.0,0.0,0.0,0.0,0.0,0.0,-1.0,-1.0,-1.0,0.0,-1.0,0.0,0.0,0.0,0.0,0.0,0.0
0.0,0.0,-1.0,-1.0,0.0,0.0,0.0,0.0,-1.0,-0.686,-1.0,0.0,0.0,0.0,0.0,0.0,0.0,-1.0,-1.0,-1.0,0.0,-1.0,0.0,0.0,0.0,0.0,0.0,0.0
0.0,0.0,-1.0,-1.0,0.0,0.0,0.0,0.0,-1.0,-0.683,-1.0,0.0,0.0,0.0,0.0,0.0,0.0,-1.0,-1.0,-1.0,0.0,-1.0,0.0,0.0,0.0,0.0,0.0,0.0
0.0,0.0,-1.0,-1.0,0.0,0.0,0.0,0.0,-1.0,-0.702,-1.0,0.0,0.0,0.0,0.0,0.0,0.0,-1.0,-1.0,-1.0,0.0,-1.0,0.0,0.0,0.0,0.0,0.0,0.0
0.0,0.0,-1.0,-1.0,0.0,0.0,0.0,0.0,-1.0,-0.674,-1.0,0.0,0.0,0.0,0.0,0.0,0.0,-1.0,-1.0,-1.0,0.0,-1.0,0.0,0.0,0.0,0.0,0.0,0.0
0.0,0.0,-1.0,-1.0,0.0,0.0,0.0,0.0,-1.0,-0.683,-1.0,0.0,0.0,0.0,0.0,0.0,0.0,-1.0,-1.0,-1.0,0.0,-1.0,0.0,0.0,0.0,0.0,0.0,0.0
0.0,0.0,-1.0,-1.0,0.0,0.0,0.0,0.0,-1.0,-0.673,-1.0,0.0,0.0,0.0,0.0,0.0,0.0,-1.0,-1.0,-1.0,0.0,-1.0,0.0,0.0,0.0,0.0,0.0,0.0
0.0,0.0,-1.0,-1.0,0.0,0.0,0.0,0.0,-1.0,-0.673,-1.0,0.0,0.0,0.0,0.0,0.0,0.0,-1.0,-1.0,-1.0,0.0,-1.0,0.0,0.0,0.0,0.0,0.0,0.0
0.0,0.0,-1.0,-1.0,0.0,0.0,0.0,0.0,-1.0,-0.688,-1.0,0.0,0.0,0.0,0.0,0.0,0.0,-1.0,-1.0,-1.0,0.0,-1.0,0.0,0.0,0.0,0.0,0.0,0.0
0.0,0.0,-1.0,-1.0,0.0,0.0,0.0,0.0,-1.0,-0.678,-1.0,0.0,0.0,0.0,0.0,0.0,0.0,-1.0,-1.0,-1.0,0.0,-1.0,0.0,0.0,0.0,0.0,0.0,0.0
0.0,0.0,-1.0,-1.0,0.0,0.0,0.0,0.0,-1.0,-0.692,-1.0,0.0,0.0,0.0,0.0,0.0,0.0,-1.0,-1.0,-1.0,0.0,-1.0,0.0,0.0,0.0,0.0,0.0,0.0
0.0,0.0,-1.0,-1.0,0.0,0.0,0.0,0.0,-1.0,-0.694,-1.0,0.0,0.0,0.0,0.0,0.0,0.0,-1.0,-1.0,-1.0,0.0,-1.0,0.0,0.0,0.0,0.0,0.0,0.0
0.0,0.0,-1.0,-1.0,0.0,0.0,0.0,0.0,-1.0,-0.721,-1.0,0.0,0.0,0.0,0.0,0.0,0.0,-1.0,-1.0,-1.0,0.0,-1.0,0.0,0.0,0.0,0.0,0.0,0.0
0.0,0.0,-1.0,-1.0,0.0,0.0,0.0,0.0,-1.0,-0.681,-1.0,0.0,0.0,0.0,0.0,0.0,0.0,-1.0,-1.0,-1.0,0.0,-1.0,0.0,0.0,0.0,0.0,0.0,0.0
0.0,0.0,-1.0,-1.0,0.0,0.0,0.0,0.0,-1.0,-0.689,-1.0,0.0,0.0,0.0,0.0,0.0,0.0,-1.0,-1.0,-1.0,0.0,-1.0,0.0,0.0,0.0,0.0,0.0,0.0
0.0,0.0,-1.0,-1.0,0.0,0.0,0.0,0.0,-1.0,-0.696,-1.0,0.0,0.0,0.0,0.0,0.0,0.0,-1.0,-1.0,-1.0,0.0,-1.0,0.0,0.0,0.0,0.0,0.0,0.0
0.0,0.0,-1.0,-1.0,0.0,0.0,0.0,0.0,-1.0,-0.695,-1.0,0.0,0.0,0.0,0.0,0.0,0.0,-1.0,-1.0,-1.0,0.0,-1.0,0.0,0.0,0.0,0.0,0.0,0.0
0.0,0.0,-1.0,-1.0,0.0,0.0,0.0,0.0,-1.0,-0.686,-1.0,0.0,0.0,0.0,0.0,0.0,0.0,-1.0,-1.0,-1.0,0.0,-1.0,0.0,0.0,0.0,0.0,0.0,0.0
0.0,0.0,-1.0,-1.0,0.0,0.0,0.0,0.0,-1.0,-0.661,-1.0,0.0,0.0,0.0,0.0,0.0,0.0,-1.0,-1.0,-1.0,0.0,-1.0,0.0,0.0,0.0,0.0,0.0,0.0
0.0,0.0,-1.0,-1.0,0.0,0.0,0.0,0.0,-1.0,-0.696,-1.0,0.0,0.0,0.0,0.0,0.0,0.0,-1.0,-1.0,-1.0,0.0,-1.0,0.0,0.0,0.0,0.0,0.0,0.0
0.0,0.0,-1.0,-1.0,0.0,0.0,0.0,0.0,-1.0,-0.685,-1.0,0.0,0.0,0.0,0.0,0.0,0.0,-1.0,-1.0,-1.0,0.0,-1.0,0.0,0.0,0.0,0.0,0.0,0.0
0.0,0.0,-1.0,-1.0,0.0,0.0,0.0,0.0,-1.0,-0.686,-1.0,0.0,0.0,0.0,0.0,0.0,0.0,-1.0,-1.0,-1.0,0.0,-1.0,0.0,0.0,0.0,0.0,0.0,0.0
0.0,0.0,-1.0,-1.0,0.0,0.0,0.0,0.0,-1.0,-0.673,-1.0,0.0,0.0,0.0,0.0,0.0,0.0,-1.0,-1.0,-1.0,0.0,-1.0,0.0,0.0,0.0,0.0,0.0,0.0
0.0,0.0,-1.0,-1.0,0.0,0.0,0.0,0.0,-1.0,-0.714,-1.0,0.0,0.0,0.0,0.0,0.0,0.0,-1.0,-1.0,-1.0,0.0,-1.0,0.0,0.0,0.0,0.0,0.0,0.0
0.0,0.0,-1.0,-1.0,0.0,0.0,0.0,0.0,-1.0,-0.665,-1.0,0.0,0.0,0.0,0.0,0.0,0.0,-1.0,-1.0,-1.0,0.0,-1.0,0.0,0.0,0.0,0.0,0.0,0.0
0.0,0.0,-1.0,-1.0,0.0,0.0,0.0,0.0,-1.0,-0.696,-1.0,0.0,0.0,0.0,0.0,0.0,0.0,-1.0,-1.0,-1.0,0.0,-1.0,0.0,0.0,0.0,0.0,0.0,0.0
0.0,0.0,-1.0,-1.0,0.0,0.0,0.0,0.0,-1.0,-0.707,-1.0,0.0,0.0,0.0,0.0,0.0,0.0,-1.0,-1.0,-1.0,0.0,-1.0,0.0,0.0,0.0,0.0,0.0,0.0
0.0,0.0,-1.0,-1.0,0.0,0.0,0.0,0.0,-1.0,-0.678,-1.0,0.0,0.0,0.0,0.0,0.0,0.0,-1.0,-1.0,-1.0,0.0,-1.0,0.0,0.0,0.0,0.0,0.0,0.0
0.0,0.0,-1.0,-1.0,0.0,0.0,0.0,0.0,-1.0,-0.69,-1.0,0.0,0.0,0.0,0.0,0.0,0.0,-1.0,-1.0,-1.0,0.0,-1.0,0.0,0.0,0.0,0.0,0.0,0.0
0.0,0.0,-1.0,-1.0,0.0,0.0,0.0,0.0,-1.0,-0.684,-1.0,0.0,0.0,0.0,0.0,0.0,0.0,-1.0,-1.0,-1.0,0.0,-1.0,0.0,0.0,0.0,0.0,0.0,0.0
0.0,0.0,-1.0,-1.0,0.0,0.0,0.0,0.0,-1.0,-0.695,-1.0,0.0,0.0,0.0,0.0,0.0,0.0,-1.0,-1.0,-1.0,0.0,-1.0,0.0,0.0,0.0,0.0,0.0,0.0
0.0,0.0,-1.0,-1.0,0.0,0.0,0.0,0.0,-1.0,-0.686,-1.0,0.0,0.0,0.0,0.0,0.0,0.0,-1.0,-1.0,-1.0,0.0,-1.0,0.0,0.0,0.0,0.0,0.0,0.0
0.0,0.0,-1.0,-1.0,0.0,0.0,0.0,0.0,-1.0,-0.683,-1.0,0.0,0.0,0.0,0.0,0.0,0.0,-1.0,-1.0,-1.0,0.0,-1.0,0.0,0.0,0.0,0.0,0.0,0.0
0.0,0.0,-1.0,-1.0,0.0,0.0,0.0,0.0,-1.0,-0.686,-1.0,0.0,0.0,0.0,0.0,0.0,0.0,-1.0,-1.0,-1.0,0.0,-1.0,0.0,0.0,0.0,0.0,0.0,0.0
0.0,0.0,-1.0,-1.0,0.0,0.0,0.0,0.0,-1.0,-0.684,-1.0,0.0,0.0,0.0,0.0,0.0,0.0,-1.0,-1.0,-1.0,0.0,-1.0,0.0,0.0,0.0,0.0,0.0,0.0
0.0,0.0,-1.0,-1.0,0.0,0.0,0.0,0.0,-1.0,-0.681,-1.0,0.0,0.0,0.0,0.0,0.0,0.0,-1.0,-1.0,-1.0,0.0,-1.0,0.0,0.0,0.0,0.0,0.0,0.0
0.0,0.0,-1.0,-1.0,0.0,0.0,0.0,0.0,-1.0,-0.699,-1.0,0.0,0.0,0.0,0.0,0.0,0.0,-1.0,-1.0,-1.0,0.0,-1.0,0.0,0.0,0.0,0.0,0.0,0.0
0.0,0.0,-1.0,-1.0,0.0,0.0,0.0,0.0,-1.0,-0.697,-1.0,0.0,0.0,0.0,0.0,0.0,0.0,-1.0,-1.0,-1.0,0.0,-1.0,0.0,0.0,0.0,0.0,0.0,0.0
-0.001,-0.001,-1.0,-1.0,0.0,0.0,0.0,0.0,-1.0,-0.678,-1.0,0.0,0.0,0.0,0.0,0.0,0.0,-1.0,-1.0,-1.0,0.0,-1.0,-0.001,0.0,-0.001,-0.001,0.0,0.0
-0.001,0.0,-1.0,-1.0,0.0,0.0,0.0,0.0,-1.0,-0.653,-1.0,0.0,0.0,0.0,0.0,0.0,0.0,-1.0,-1.0,-1.0,0.0,-1.0,-0.001,0.0,-0.001,-0.001,0.0,0.0
-0.001,0.0,-1.0,-1.0,0.0,0.0,0.0,0.0,-1.0,-0.696,-1.0,0.0,0.0,0.0,0.0,0.0,0.0,-1.0,-1.0,-1.0,0.0,-1.0,-0.001,0.0,-0.001,-0.001,0.0,0.0
-0.001,0.0,-1.0,-1.0,0.0,0.0,0.0,0.0,-1.0,-0.681,-1.0,0.0,0.0,0.0,0.0,0.0,0.0,-1.0,-1.0,-1.0,0.0,-1.0,-0.001,0.0,-0.001,-0.001,0.0,0.0
-0.001,0.0,-1.0,-1.0,0.0,0.0,0.0,0.0,-1.0,-0.695,-1.0,0.0,0.0,0.0,0.0,0.0,0.0,-1.0,-1.0,-1.0,0.0,-1.0,-0.001,0.0,-0.001,-0.001,0.0,0.0
-0.001,0.0,-1.0,-1.0,0.0,0.0,0.0,0.0,-1.0,-0.692,-1.0,0.0,0.0,0.0,0.0,0.0,0.0,-1.0,-1.0,-1.0,0.0,-1.0,-0.001,0.0,-0.001,-0.001,0.0,0.0
-0.001,0.0,-1.0,-1.0,0.0,0.0,0.0,0.0,-1.0,-0.69,-1.0,0.0,0.0,0.0,0.0,0.0,0.0,-1.0,-1.0,-1.0,0.0,-1.0,-0.001,0.0,-0.001,-0.001,0.0,0.0
-0.001,0.0,-1.0,-1.0,0.0,0.0,0.0,0.0,-1.0,-0.666,-1.0,0.0,0.0,0.0,0.0,0.0,0.0,-1.0,-1.0,-1.0,0.0,-1.0,-0.001,0.0,-0.001,-0.001,0.0,0.0
-0.002,-0.001,-1.0,-1.0,0.0,0.0,0.0,0.0,-1.0,-0.704,-1.0,0.0,0.0,0.0,0.0,0.0,0.0,-1.0,-1.0,-1.0,0.0,-1.0,-0.002,0.0,-0.002,-0.002,0.0,0.0
-0.002,0.0,-1.0,-1.0,0.0,0.0,0.0,0.0,-1.0,-0.688,-1.0,0.0,0.0,0.0,0.0,0.0,0.0,-1.0,-1.0,-1.0,0.0,-1.0,-0.002,0.0,-0.002,-0.002,0.0,0.0
-0.002,0.0,-1.0,-1.0,0.0,0.0,0.0,0.0,-1.0,-0.688,-1.0,0.0,0.0,0.0,0.0,0.0,0.0,-1.0,-1.0,-1.0,0.0,-1.0,-0.002,0.0,-0.002,-0.002,0.0,0.0
-0.002,0.0,-1.0,-1.0,0.0,0.0,0.0,0.0,-1.0,-0.697,-1.0,0.0,0.0,0.0,0.0,0.0,0.0,-1.0,-1.0,-1.0,0.0,-1.0,-0.002,0.0,-0.002,-0.002,0.0,0.0
-0.002,0.0,-1.0,-1.0,0.0,0.0,0.0,0.0,-1.0,-0.674,-1.0,0.0,0.0,0.0,0.0,0.0,0.0,-1.0,-1.0,-1.0,0.0,-1.0,-0.002,0.0,-0.002,-0.002,0.0,0.0
-0.002,0.0,-1.0,-1.0,0.0,0.0,0.0,0.0,-1.0,-0.707,-1.0,0.0,0.0,0.0,0.0,0.0,0.0,-1.0,-1.0,-1.0,0.0,-1.0,-0.002,0.0,-0.002,-0.002,0.0,0.0
-0.002,0.0,-1.0,-1.0,0.0,0.0,0.0,0.0,-1.0,-0.699,-1.0,0.0,0.0,0.0,0.0,0.0,0.0,-1.0,-1.0,-1.0,0.0,-1.0,-0.002,0.0,-0.002,-0.002,0.0,0.0
-0.003,-0.001,-1.0,-1.0,0.0,0.0,0.0,0.0,-1.0,-0.675,-1.0,0.0,0.0,0.0,0.0,0.0,0.0,-1.0,-1.0,-1.0,0.0,-1.0,-0.003,0.0,-0.003,-0.003,0.0,0.0
-0.003,0.0,-1.0,-1.0,0.0,0.0,0.0,0.0,-1.0,-0.695,-1.0,0.0,0.0,0.0,0.0,0.0,0.0,-1.0,-1.0,-1.0,0.0,-1.0,-0.003,0.0,-0.003,-0.003,0.0,0.0
-0.003,0.0,-1.0,-1.0,0.0,0.0,0.0,0.0,-1.0,-0.709,-1.0,0.0,0.0,0.0,0.0,0.0,0.0,-1.0,-1.0,-1.0,0.0,-1.0,-0.003,0.0,-0.003,-0.003,0.0,0.0
-0.003,0.0,-1.0,-1.0,0.0,0.0,0.0,0.0,-1.0,-0.699,-1.0,0.0,0.0,0.0,0.0,0.0,0.0,-1.0,-1.0,-1.0,0.0,-1.0,-0.003,0.0,-0.003,-0.003,0.0,0.0
-0.004,-0.001,-1.0,-1.0,0.0,0.0,0.0,0.0,-1.0,-0.7,-1.0,0.0,0.0,0.0,0.0,0.0,0.0,-1.0,-1.0,-1.0,0.0,-1.0,-0.004,0.0,-0.004,-0.004,0.0,0.0
-0.004,0.0,-1.0,-1.0,0.0,0.0,0.0,0.0,-1.0,-0.664,-1.0,0.0,0.0,0.0,0.0,0.0,0.0,-1.0,-1.0,-1.0,0.0,-1.0,-0.004,0.0,-0.004,-0.004,0.0,0.0
-0.004,0.0,-1.0,-1.0,0.0,0.0,0.0,0.0,-1.0,-0.684,-1.0,0.0,0.0,0.0,0.0,0.0,0.0,-1.0,-1.0,-1.0,0.0,-1.0,-0.004,0.0,-0.004,-0.004,0.0,0.0
-0.004,0.0,-1.0,-1.0,0.0,0.0,0.0,0.0,-1.0,-0.677,-1.0,0.0,0.0,0.0,0.0,0.0,0.0,-1.0,-1.0,-1.0,0.0,-1.0,-0.004,0.0,-0.004,-0.004,0.0,0.0
-0.005,-0.001,-1.0,-1.0,0.0,0.0,0.0,0.0,-1.0,-0.688,-1.0,0.0,0.0,0.0,0.0,0.0,0.0,-1.0,-1.0,-1.0,0.0,-1.0,-0.005,0.0,-0.005,-0.005,0.0,0.0
-0.006,-0.001,-1.0,-1.0,0.0,0.0,0.0,0.0,-1.0,-0.68,-1.0,0.0,0.0,0.0,0.0,0.0,0.0,-1.0,-1.0,-1.0,0.0,-1.0,-0.006,0.0,-0.006,-0.006,0.0,0.0
-0.006,0.0,-1.0,-1.0,0.0,0.0,0.0,0.0,-1.0,-0.683,-1.0,0.0,0.0,0.0,0.0,0.0,0.0,-1.0,-1.0,-1.0,0.0,-1.0,-0.006,0.0,-0.006,-0.006,0.0,0.0
-0.009,-0.003,-1.0,-1.0,0.0,0.0,0.0,0.0,-1.0,-0.708,-1.0,0.0,0.0,0.0,0.0,0.0,0.0,-1.0,-1.0,-1.0,0.0,-1.0,-0.009,0.0,-0.009,-0.009,0.0,0.0
-0.009,0.0,-1.0,-1.0,0.0,0.0,0.0,0.0,-1.0,-0.677,-1.0,0.0,0.0,0.0,0.0,0.0,0.0,-1.0,-1.0,-1.0,0.0,-1.0,-0.009,0.0,-0.009,-0.009,0.0,0.0
-0.01,-0.001,-1.0,-1.0,0.0,0.0,0.0,0.0,-1.0,-0.693,-1.0,0.0,0.0,0.0,0.0,0.0,0.0,-1.0,-1.0,-1.0,0.0,-1.0,-0.01,0.0,-0.01,-0.01,0.0,0.0
-0.01,0.0,-1.0,-1.0,0.0,0.0,0.0,0.0,-1.0,-0.693,-1.0,0.0,0.0,0.0,0.0,0.0,0.0,-1.0,-1.0,-1.0,0.0,-1.0,-0.01,0.0,-0.01,-0.01,0.0,0.0
-0.01,0.0,-1.0,-1.0,0.0,0.0,0.0,0.0,-1.0,-0.693,-1.0,0.0,0.0,0.0,0.0,0.0,0.0,-1.0,-1.0,-1.0,0.0,-1.0,-0.01,0.0,-0.01,-0.01,0.0,0.0
-0.012,-0.002,-1.0,-1.0,0.0,0.0,0.0,0.0,-1.0,-0.671,-1.0,0.0,0.0,0.0,0.0,0.0,0.0,-1.0,-1.0,-1.0,0.0,-1.0,-0.012,0.0,-0.012,-0.012,0.0,0.0
-0.013,-0.001,-1.0,-1.0,0.0,0.0,0.0,0.0,-1.0,-0.702,-1.0,0.0,0.0,0.0,0.0,0.0,0.0,-1.0,-1.0,-1.0,0.0,-1.0,-0.013,0.0,-0.013,-0.013,0.0,0.0
-0.015,-0.002,-1.0,-1.0,0.0,0.0,0.0,0.0,-1.0,-0.695,-1.0,0.0,0.0,0.0,0.0,0.0,0.0,-1.0,-1.0,-1.0,0.0,-1.0,-0.015,0.0,-0.015,-0.015,0.0,0.0
-0.016,-0.001,-1.0,-1.0,0.0,0.0,0.0,0.0,-1.0,-0.701,-1.0,0.0,0.0,0.0,0.0,0.0,0.0,-1.0,-1.0,-1.0,0.0,-1.0,-0.016,0.0,-0.016,-0.016,0.0,0.0
-0.016,0.0,-1.0,-1.0,0.0,0.0,0.0,0.0,-1.0,-0.695,-1.0,0.0,0.0,0.0,0.0,0.0,0.0,-1.0,-1.0,-1.0,0.0,-1.0,-0.016,0.0,-0.016,-0.016,0.0,0.0
-0.016,0.0,-1.0,-1.0,0.0,0.0,0.0,0.0,-1.0,-0.675,-1.0,0.0,0.0,0.0,0.0,0.0,0.0,-1.0,-1.0,-1.0,0.0,-1.0,-0.016,0.0,-0.016,-0.016,0.0,0.0
-0.016,0.0,-1.0,-1.0,0.0,0.0,0.0,0.0,-1.0,-0.719,-1.0,0.0,0.0,0.0,0.0,0.0,0.0,-1.0,-1.0,-1.0,0.0,-1.0,-0.016,0.0,-0.016,-0.016,0.0,0.0
-0.017,-0.001,-1.0,-1.0,0.0,0.0,0.0,0.0,-1.0,-0.688,-1.0,0.0,0.0,0.0,0.0,0.0,0.0,-1.0,-1.0,-1.0,0.0,-1.0,-0.017,0.0,-0.017,-0.017,0.0,0.0
-0.019,-0.002,-1.0,-1.0,0.0,0.0,0.0,0.0,-1.0,-0.671,-1.0,0.0,0.0,0.0,0.0,0.0,0.0,-1.0,-1.0,-1.0,0.0,-1.0,-0.019,0.0,-0.019,-0.019,0.0,0.0
-0.021,-0.002,-1.0,-1.0,0.0,0.0,0.0,0.0,-1.0,-0.702,-1.0,0.0,0.0,0.0,0.0,0.0,0.0,-1.0,-1.0,-1.0,0.0,-1.0,-0.021,0.0,-0.021,-0.021,0.0,0.0
-0.022,-0.001,-1.0,-1.0,0.0,0.0,0.0,0.0,-1.0,-0.659,-1.0,0.0,0.0,0.0,0.0,0.0,0.0,-1.0,-1.0,-1.0,0.0,-1.0,-0.022,0.0,-0.022,-0.022,0.0,0.0
-0.024,-0.002,-1.0,-1.0,0.0,0.0,0.0,0.0,-1.0,-0.688,-1.0,0.0,0.0,0.0,0.0,0.0,0.0,-1.0,-1.0,-1.0,0.0,-1.0,-0.024,0.0,-0.024,-0.024,0.0,0.0
-0.024,0.0,-1.0,-1.0,0.0,0.0,0.0,0.0,-1.0,-0.69,-1.0,0.0,0.0,0.0,0.0,0.0,0.0,-1.0,-1.0,-1.0,0.0,-1.0,-0.024,0.0,-0.024,-0.024,0.0,0.0
-0.026,-0.002,-1.0,-1.0,0.0,0.0,0.0,0.0,-1.0,-0.684,-1.0,0.0,0.0,0.0,0.0,0.0,0.0,-1.0,-1.0,-1.0,0.0,-1.0,-0.026,0.0,-0.026,-0.026,0.0,0.0
-0.026,0.0,-1.0,-1.0,0.0,0.0,0.0,0.0,-1.0,-0.671,-1.0,0.0,0.0,0.0,0.0,0.0,0.0,-1.0,-1.0,-1.0,0.0,-1.0,-0.026,0.0,-0.026,-0.026,0.0,0.0
-0.026,0.0,-1.0,-1.0,0.0,0.0,0.0,0.0,-1.0,-0.693,-1.0,0.0,0.0,0.0,0.0,0.0,0.0,-1.0,-1.0,-1.0,0.0,-1.0,-0.026,0.0,-0.026,-0.026,0.0,0.0
-0.026,0.0,-1.0,-1.0,0.0,0.0,0.0,0.0,-1.0,-0.683,-1.0,0.0,0.0,0.0,0.0,0.0,0.0,-1.0,-1.0,-1.0,0.0,-1.0,-0.026,0.0,-0.026,-0.026,0.0,0.0
-0.027,-0.001,-1.0,-1.0,0.0,0.0,0.0,0.0,-1.0,-0.678,-1.0,0.0,0.0,0.0,0.0,0.0,0.0,-1.0,-1.0,-1.0,0.0,-1.0,-0.027,0.0,-0.027,-0.027,0.0,0.0
-0.027,0.0,-1.0,-1.0,0.0,0.0,0.0,0.0,-1.0,-0.67,-1.0,0.0,0.0,0.0,0.0,0.0,0.0,-1.0,-1.0,-1.0,0.0,-1.0,-0.027,0.0,-0.027,-0.027,0.0,0.0
-0.028,-0.001,-1.0,-1.0,0.0,0.0,0.0,0.0,-1.0,-0.69,-1.0,0.0,0.0,0.0,0.0,0.0,0.0,-1.0,-1.0,-1.0,0.0,-1.0,-0.028,0.0,-0.028,-0.028,0.0,0.0
-0.029,-0.001,-1.0,-1.0,0.0,0.0,0.0,0.0,-1.0,-0.694,-1.0,0.0,0.0,0.0,0.0,0.0,0.0,-1.0,-1.0,-1.0,0.0,-1.0,-0.029,0.0,-0.029,-0.029,0.0,0.0
-0.03,-0.001,-1.0,-1.0,0.0,0.0,0.0,0.0,-1.0,-0.679,-1.0,0.0,0.0,0.0,0.0,0.0,0.0,-1.0,-1.0,-1.0,0.0,-1.0,-0.03,0.0,-0.03,-0.03,0.0,0.0
-0.032,-0.002,-1.0,-1.0,0.0,0.0,0.0,0.0,-1.0,-0.686,-1.0,0.0,0.0,0.0,0.0,0.0,0.0,-1.0,-1.0,-1.0,0.0,-1.0,-0.032,0.0,-0.032,-0.032,0.0,0.0
-0.033,-0.001,-1.0,-1.0,0.0,0.0,0.0,0.0,-1.0,-0.704,-1.0,0.0,0.0,0.0,0.0,0.0,0.0,-1.0,-1.0,-1.0,0.0,-1.0,-0.033,0.0,-0.033,-0.033,0.0,0.0
-0.036,-0.003,-1.0,-1.0,0.0,0.0,0.0,0.0,-1.0,-0.682,-1.0,0.0,0.0,0.0,0.0,0.0,0.0,-1.0,-1.0,-1.0,0.0,-1.0,-0.036,0.0,-0.036,-0.036,0.0,0.0
-0.036,0.0,-1.0,-1.0,0.0,0.0,0.0,0.0,-1.0,-0.683,-1.0,0.0,0.0,0.0,0.0,0.0,0.0,-1.0,-1.0,-1.0,0.0,-1.0,-0.036,0.0,-0.036,-0.036,0.0,0.0
-0.036,0.0,-1.0,-1.0,0.0,0.0,0.0,0.0,-1.0,-0.682,-1.0,0.0,0.0,0.0,0.0,0.0,0.0,-1.0,-1.0,-1.0,0.0,-1.0,-0.036,0.0,-0.036,-0.036,0.0,0.0
-0.038,-0.002,-1.0,-1.0,0.0,0.0,0.0,0.0,-1.0,-0.671,-1.0,0.0,0.0,0.0,0.0,0.0,0.0,-1.0,-1.0,-1.0,0.0,-1.0,-0.038,0.0,-0.038,-0.038,0.0,0.0
-0.039,-0.001,-1.0,-1.0,0.0,0.0,0.0,0.0,-1.0,-0.695,-1.0,0.0,0.0,0.0,0.0,0.0,0.0,-1.0,-1.0,-1.0,0.0,-1.0,-0.039,0.0,-0.039,-0.039,0.0,0.0
-0.044,-0.005,-1.0,-1.0,0.0,0.0,0.0,0.0,-1.0,-0.67,-1.0,0.0,0.0,0.0,0.0,0.0,0.0,-1.0,-1.0,-1.0,0.0,-1.0,-0.044,0.0,-0.044,-0.044,0.0,0.0
-0.047,-0.003,-1.0,-1.0,0.0,0.0,0.0,0.0,-1.0,-0.693,-1.0,0.0,0.0,0.0,0.0,0.0,0.0,-1.0,-1.0,-1.0,0.0,-1.0,-0.047,0.0,-0.047,-0.047,0.0,0.0
-0.051,-0.004,-1.0,-1.0,0.0,0.0,0.0,0.0,-1.0,-0.69,-1.0,0.0,0.0,0.0,0.0,0.0,0.0,-1.0,-1.0,-1.0,0.0,-1.0,-0.051,0.0,-0.051,-0.051,0.0,0.0
-0.051,0.0,-1.0,-1.0,0.0,0.0,0.0,0.0,-1.0,-0.704,-1.0,0.0,0.0,0.0,0.0,0.0,0.0,-1.0,-1.0,-1.0,0.0,-1.0,-0.051,0.0,-0.051,-0.051,0.0,0.0
-0.051,0.0,-1.0,-1.0,0.0,0.0,0.0,0.0,-1.0,-0.699,-1.0,0.0,0.0,0.0,0.0,0.0,0.0,-1.0,-1.0,-1.0,0.0,-1.0,-0.051,0.0,-0.051,-0.051,0.0,0.0
-0.052,-0.001,-1.0,-1.0,0.0,0.0,0.0,0.0,-1.0,-0.676,-1.0,0.0,0.0,0.0,0.0,0.0,0.0,-1.0,-1.0,-1.0,0.0,-1.0,-0.052,0.0,-0.052,-0.052,0.0,0.0
-0.055,-0.003,-1.0,-1.0,0.0,0.0,0.0,0.0,-1.0,-0.689,-1.0,0.0,0.0,0.0,0.0,0.0,0.0,-1.0,-1.0,-1.0,0.0,-1.0,-0.055,0.0,-0.055,-0.055,0.0,0.0
-0.057,-0.002,-1.0,-1.0,0.0,0.0,0.0,0.0,-1.0,-0.677,-1.0,0.0,0.0,0.0,0.0,0.0,0.0,-1.0,-1.0,-1.0,0.0,-1.0,-0.057,0.0,-0.057,-0.057,0.0,0.0
-0.059,-0.002,-1.0,-1.0,0.0,0.0,0.0,0.0,-1.0,-0.687,-1.0,0.0,0.0,0.0,0.0,0.0,0.0,-1.0,-1.0,-1.0,0.0,-1.0,-0.059,0.0,-0.059,-0.059,0.0,0.0
-0.059,0.0,-1.0,-1.0,0.0,0.0,0.0,0.0,-1.0,-0.701,-1.0,0.0,0.0,0.0,0.0,0.0,0.0,-1.0,-1.0,-1.0,0.0,-1.0,-0.059,0.0,-0.059,-0.059,0.0,0.0
-0.059,0.0,-1.0,-1.0,0.0,0.0,0.0,0.0,-1.0,-0.69,-1.0,0.0,0.0,0.0,0.0,0.0,0.0,-1.0,-1.0,-1.0,0.0,-1.0,-0.059,0.0,-0.059,-0.059,0.0,0.0
-0.061,-0.002,-1.0,-1.0,0.0,0.0,0.0,0.0,-1.0,-0.675,-1.0,0.0,0.0,0.0,0.0,0.0,0.0,-1.0,-1.0,-1.0,0.0,-1.0,-0.061,0.0,-0.061,-0.061,0.0,0.0
-0.062,-0.001,-1.0,-1.0,0.0,0.0,0.0,0.0,-1.0,-0.685,-1.0,0.0,0.0,0.0,0.0,0.0,0.0,-1.0,-1.0,-1.0,0.0,-1.0,-0.062,0.0,-0.062,-0.062,0.0,0.0
-0.063,-0.001,-1.0,-1.0,0.0,0.0,0.0,0.0,-1.0,-0.699,-1.0,0.0,0.0,0.0,0.0,0.0,0.0,-1.0,-1.0,-1.0,0.0,-1.0,-0.063,0.0,-0.063,-0.063,0.0,0.0
-0.063,0.0,-1.0,-1.0,0.0,0.0,0.0,0.0,-1.0,-0.686,-1.0,0.0,0.0,0.0,0.0,0.0,0.0,-1.0,-1.0,-1.0,0.0,-1.0,-0.063,0.0,-0.063,-0.063,0.0,0.0
-0.065,-0.002,-1.0,-1.0,0.0,0.0,0.0,0.0,-1.0,-0.689,-1.0,0.0,0.0,0.0,0.0,0.0,0.0,-1.0,-1.0,-1.0,0.0,-1.0,-0.065,0.0,-0.065,-0.065,0.0,0.0
-0.068,-0.003,-1.0,-1.0,0.0,0.0,0.0,0.0,-1.0,-0.687,-1.0,0.0,0.0,0.0,0.0,0.0,0.0,-1.0,-1.0,-1.0,0.0,-1.0,-0.068,0.0,-0.068,-0.068,0.0,0.0
-0.069,-0.001,-1.0,-1.0,0.0,0.0,0.0,0.0,-1.0,-0.694,-1.0,0.0,0.0,0.0,0.0,0.0,0.0,-1.0,-1.0,-1.0,0.0,-1.0,-0.069,0.0,-0.069,-0.069,0.0,0.0
-0.07,-0.001,-1.0,-1.0,0.0,0.0,0.0,0.0,-1.0,-0.67,-1.0,0.0,0.0,0.0,0.0,0.0,0.0,-1.0,-1.0,-1.0,0.0,-1.0,-0.07,0.0,-0.07,-0.07,0.0,0.0
-0.072,-0.002,-1.0,-1.0,0.0,0.0,0.0,0.0,-1.0,-0.683,-1.0,0.0,0.0,0.0,0.0,0.0,0.0,-1.0,-1.0,-1.0,0.0,-1.0,-0.072,0.0,-0.072,-0.072,0.0,0.0
-0.072,0.0,-1.0,-1.0,0.0,0.0,0.0,0.0,-1.0,-0.7,-1.0,0.0,0.0,0.0,0.0,0.0,0.0,-1.0,-1.0,-1.0,0.0,-1.0,-0.072,0.0,-0.072,-0.072,0.0,0.0
-0.074,-0.002,-1.0,-1.0,0.0,0.0,0.0,0.0,-1.0,-0.695,-1.0,0.0,0.0,0.0,0.0,0.0,0.0,-1.0,-1.0,-1.0,0.0,-1.0,-0.074,0.0,-0.074,-0.074,0.0,0.0
-0.075,-0.001,-1.0,-1.0,0.0,0.0,0.0,0.0,-1.0,-0.683,-1.0,0.0,0.0,0.0,0.0,0.0,0.0,-1.0,-1.0,-1.0,0.0,-1.0,-0.075,0.0,-0.075,-0.075,0.0,0.0
-0.076,-0.001,-1.0,-1.0,0.0,0.0,0.0,0.0,-1.0,-0.681,-1.0,0.0,0.0,0.0,0.0,0.0,0.0,-1.0,-1.0,-1.0,0.0,-1.0,-0.076,0.0,-0.076,-0.076,0.0,0.0
-0.078,-0.002,-1.0,-1.0,0.0,0.0,0.0,0.0,-1.0,-0.687,-1.0,0.0,0.0,0.0,0.0,0.0,0.0,-1.0,-1.0,-1.0,0.0,-1.0,-0.078,0.0,-0.078,-0.078,0.0,0.0
